-1.489212827700612252e-01
-1.155168757005640146e-01
-2.302205006700432932e-01
-1.164103667565541400e-01
-1.176888750629814240e-01
-1.297202649478776948e-01
-2.619731862967000779e-01
-2.432497730621889787e-01
-1.752807552011290682e-01
-2.100227448241867023e-01
-4.464652008493885660e-02
-1.516126300454061493e-01
-1.322581356206455894e-01
-1.728299787254172770e-01
-2.386499904695256191e-01
-2.618224775485487044e-01
-2.422620028814890247e-01
-1.415428700831853348e-01
-1.546387094158490072e-01
-2.915044998477469562e-01
-2.323305685559944322e-01
-7.248238479769497644e-02
-2.077616894559923821e-01
-2.452907830270305567e-01
-2.825712828853284009e-01
-2.291199640694685513e-01
-2.212347255041322569e-01
-1.664352862953819567e-01
-3.023607277261817217e-01
-2.867774878958471163e-01
-2.018468452005208746e-01
-7.895913989079872408e-02
-2.706473875284700625e-01
-1.968105668479438464e-01
-2.705861835743235133e-01
-4.298268411173467030e-02
-1.861991286476722962e-01
-1.576923502395857213e-01
-9.668757368717706413e-02
-2.168643891272949986e-01
-2.798272106894046374e-01
-1.182022717666768585e-01
-1.711946208296240002e-01
-1.919227437124391145e-01
-2.345768692713363635e-01
-2.453966476659843465e-01
-1.926496636518777450e-01
-2.261796054707474468e-01
-2.234652797645821920e-01
-1.556384610505574528e-01
-3.122046483620124491e-01
-2.991296171022668204e-01
-2.300255047501877925e-01
-1.281309192401067776e-01
-3.257560133431525173e-01
-2.800840066605587708e-01
-2.730059185799973420e-01
-1.302043277744360239e-01
-1.431517496909009424e-01
-2.156059280875979312e-01
-2.000545692226296524e-01
-1.447302324046404465e-01
-7.414117531914143910e-02
-1.237525707781514939e-01
-1.458436244814720339e-01
-2.169389858991053188e-01
-2.470684622664975905e-01
-1.921418097438163386e-01
-1.962635021226333265e-01
-2.915083450665179043e-01
-1.845959184684033971e-01
-1.616803132172890400e-01
-1.550964031144985711e-01
-2.266888024075797148e-01
-2.443115206120864968e-01
-2.049183867512738288e-01
-1.400337990210118733e-01
-2.722791352331341841e-01
-2.741336075088156576e-01
-2.312667496639733145e-01
-1.156588800399731554e-01
-2.554957095881036366e-01
-1.297093259652228880e-01
-2.531973139750789414e-01
-2.051518658001896256e-01
-2.539775716767280755e-01
-1.589824928275902494e-01
-2.888562902594458137e-01
-1.855614687585784850e-01
-2.557700387203567516e-01
-2.078316845927474787e-01
-1.528295213649926154e-01
-1.706085870034712570e-01
-2.717066607701781322e-01
-1.240906611462833098e-01
-2.019959194373086575e-01
-1.978691938791143912e-01
-1.230871553540282548e-01
-3.111722269962911014e-01
-9.934270285452839744e-02
-2.107386960958592681e-01
-2.037290161149485357e-01
-2.158316947023877219e-01
-2.181683007358969917e-01
-2.449595348452930921e-01
-1.165746142160060117e-01
-2.039172461735461184e-01
-2.558270137834597335e-01
-1.983635044342690890e-01
-3.175011213170364499e-01
-2.244169048111643860e-01
-2.917408944213093491e-01
-1.278767498688466731e-01
-8.956208766494455631e-02
-1.994551175366723328e-01
-2.244630503994358151e-01
-1.213045603477667100e-01
-1.135262805166803446e-01
-1.333589613101366922e-01
-1.349436847810920881e-01
-2.176790948614097942e-01
-2.444576152458921570e-01
-1.468942615015293995e-01
-2.783873154214688839e-02
-1.827479817721950894e-01
-2.671004080640386746e-01
-2.541941195046319990e-01
-2.719247658013728142e-01
-6.987616871504087612e-02
-5.992352248142651661e-02
-2.959724002552093225e-01
-2.783978423327653218e-01
-1.681584954231993834e-01
-1.817816845812103566e-01
-1.657889399755276827e-01
-1.244150357651960803e-01
-2.170848414101556045e-01
-1.148121222009876874e-01
-2.823230480985330360e-01
-2.506600364636142331e-01
-1.704173176292442804e-01
-2.669940562630017666e-01
-1.998400172205947456e-01
-1.238322344941025221e-01
-2.469958420451803249e-01
-2.685930594052479137e-01
-2.379252753474929705e-01
-9.892745999729868345e-02
-1.874093303047175141e-01
-1.385640310971893996e-01
-2.558281360660430437e-01
-2.671046879864888979e-01
-2.014743078786978003e-01
-2.326712226599738642e-01
-2.176160281169359223e-01
-2.668022586644838157e-01
-1.272581749507253335e-01
-1.645100071685874354e-01
-1.653232963957407264e-01
-1.774396649452683050e-01
-2.085865600680563148e-01
-3.452817957850129460e-02
-2.954287225093139568e-01
-2.556157129226903635e-01
-1.968360956483365953e-01
-2.438592861487904884e-01
-3.310330312823452914e-01
-2.600813416638629860e-01
-2.058598331768735079e-01
-1.599919478539959528e-01
-2.659614217618582188e-01
-1.938511960519235799e-01
-1.087091370144435132e-01
-3.611755466741897180e-01
-1.892054231675501796e-01
-2.119300847133445131e-01
-1.053447886745288997e-01
-1.996826899705865799e-01
-2.273200468963523235e-01
-1.907852485486500882e-01
-1.895266730967932745e-01
-1.486119261120393276e-01
-2.475783736684888936e-01
-1.601254783596459674e-01
-2.093631322779856418e-01
-2.357364934002816881e-01
-1.962578336990645766e-01
-2.920805706938836011e-01
-2.279635824845627212e-01
-1.657917817198040211e-01
-1.896874892523783274e-01
-2.390920045443181152e-01
-1.992628532469780112e-01
-2.214643699713860769e-01
-1.036134177944632029e-01
-2.529779835034560165e-01
-2.235273537474995464e-01
-1.335858323139973436e-01
-1.235248612385930755e-01
-2.283370950975722735e-01
-8.111891186104003282e-03
-1.218664887020395327e-01
-1.768345177692935977e-01
-6.309904370436925092e-02
-3.124311553439156341e-01
-1.869740043136971508e-01
-2.189462865723044160e-01
-3.165058813710857066e-01
-2.035328517343941712e-01
-1.924552922781685993e-01
-3.137798950984915791e-01
-1.622339426199914669e-01
-2.094538532679734999e-01
-2.074718082952813347e-01
1.721450175386962655e-02
-2.893932139890011968e-01
-1.946833640583918168e-01
-2.581644247056829045e-01
-1.305046531653033526e-01
-1.928486711813093279e-01
-7.558784211937563668e-02
-3.129744476584619406e-01
-1.276287577106813842e-01
-1.674829431324269535e-01
-3.519677157316891680e-01
-2.115744723630541557e-01
-2.671201831377629787e-01
-3.324398251841103047e-01
-3.626548235398558973e-01
-2.410015373519627246e-01
-2.103542784607270733e-01
-2.306426991978014485e-01
-2.277134045552884345e-01
-2.130224803929650079e-01
-1.201016940927956966e-01
-2.574404631425295520e-01
-2.052916495235876937e-01
-7.535419651060237811e-02
-2.647859007308852597e-01
-2.780358276019114783e-01
-2.404435136634219816e-01
-1.191173319678000553e-01
-1.386927248566962589e-01
-1.860760961486676024e-01
-2.983609012355827872e-01
-1.379748390124859725e-01
-8.148167697595454229e-02
-1.399193788414549999e-01
-1.883104992606376982e-01
-1.025800182080729428e-01
-2.457382347931797995e-01
-1.924665567274814748e-01
-3.416169614313275815e-01
-1.570519022723146918e-01
-1.014714477900042766e-01
-1.712487737623860085e-01
-3.243072107844682250e-01
-2.011831274049882268e-01
-3.030201131797412017e-01
-1.564273822399400160e-01
-2.835886836822965051e-01
-1.341450758443443192e-01
-1.603565241412070463e-01
-3.407722849968877199e-01
-1.620065998650943584e-01
-2.135118955304733390e-01
-2.784884070788393728e-01
4.548746742329967674e-04
-1.745765620978545485e-01
-1.636641469397090987e-01
-1.893542417149092216e-01
-2.918400974898531786e-01
-1.457505620038546112e-01
-1.552735275281520444e-01
-1.701324537580148899e-01
-1.430523779189343259e-01
-3.221527286764285236e-01
-1.619073014842342673e-02
-2.009404132035115254e-01
-1.440643467462905392e-01
-3.044968694412091281e-01
-1.953089517896842153e-01
-2.335501296846587138e-01
-1.594092207539006267e-01
-2.522975475354769515e-01
-1.995462265381320321e-01
-1.147063000673824718e-01
-2.385767638912739130e-01
-2.118658575244580788e-01
-3.237015368064248833e-01
-2.313056192000431111e-01
-1.848912946978771288e-01
-2.418178496900509344e-01
-2.725817272503263666e-01
-1.281780977965354396e-01
-3.347290666869184861e-01
-1.905399552084645620e-01
-2.584077056000069206e-01
-1.904435566626716536e-01
-2.433439322630874813e-01
-1.824396381667838796e-01
-2.892896297908009728e-01
-2.058048939987884296e-01
-2.367319303833710364e-01
-1.534153268321460928e-01
-8.497540978407869261e-02
-1.069273610985419509e-01
-1.649959812625638733e-01
-2.102178939225041177e-01
-1.036195728579514252e-01
-1.988932888250474207e-01
-3.665080874844761638e-01
-2.867048142292105695e-01
-1.942514781998170292e-01
-1.902904902256068453e-01
-2.153081675338626155e-01
-2.289118526539368759e-01
-2.125778520986614240e-01
-2.355601223055145965e-01
-2.806344338468989008e-01
-1.176531969762208973e-01
-8.512465394903756533e-02
-4.732204296669806354e-02
-2.264807565138653445e-01
-2.423922617401785828e-01
-1.816194645865607527e-01
-1.936362056188727365e-01
-1.625069874452265140e-01
-1.923574855512697468e-01
-2.584899067578589893e-01
-1.957101726881091963e-01
-1.589165990525316374e-01
-2.450561127103583203e-01
-1.413983410126320450e-01
-1.795701029278689020e-01
-2.702295434266943630e-01
-3.083982994846792280e-01
-2.384836932096732198e-01
-1.373421315473706272e-01
-1.641021767485426608e-01
-1.543128679443270812e-01
-2.701699739810692336e-01
-2.091966709565440397e-01
-1.706173985924124281e-01
-1.565699397323214725e-01
-2.073658296444591542e-01
-1.633198570334570832e-01
-2.392162257763175148e-01
-3.004909105492288290e-01
-3.820488947758349241e-02
-2.679189335082128309e-01
-1.107780582501618483e-01
-1.400178732565109385e-01
-1.701348180741888427e-01
-2.735140706898846474e-01
