0.000000000000000000e+00	3.412978027720623864e+00
1.000000000000000000e+00	3.511716855760378841e+00
2.000000000000000000e+00	3.576420509993486263e+00
3.000000000000000000e+00	3.629953148316601208e+00
4.000000000000000000e+00	3.695885246978021677e+00
5.000000000000000000e+00	3.734633300931035738e+00
6.000000000000000000e+00	3.787991184861188465e+00
7.000000000000000000e+00	3.839467717620014930e+00
8.000000000000000000e+00	3.883586568948787399e+00
9.000000000000000000e+00	3.939202572890037946e+00
1.000000000000000000e+01	3.990634948190557196e+00
1.100000000000000000e+01	4.038908720029073862e+00
1.200000000000000000e+01	4.092342020360583810e+00
1.300000000000000000e+01	4.131896557538208725e+00
1.400000000000000000e+01	4.202989637382121835e+00
1.500000000000000000e+01	4.234954126731614643e+00
1.600000000000000000e+01	4.262979693315789298e+00
1.700000000000000000e+01	4.309704112268407883e+00
1.800000000000000000e+01	4.336718190256503291e+00
1.900000000000000000e+01	4.376291086237722894e+00
2.000000000000000000e+01	4.418611041806002504e+00
2.100000000000000000e+01	4.467695107281483224e+00
2.200000000000000000e+01	4.518728266598371235e+00
2.300000000000000000e+01	4.564686311828054066e+00
2.400000000000000000e+01	4.602947912153997123e+00
2.500000000000000000e+01	4.639609633716499815e+00
2.600000000000000000e+01	4.673726656405778002e+00
2.700000000000000000e+01	4.709840177890983526e+00
2.800000000000000000e+01	4.747662137212718569e+00
2.900000000000000000e+01	4.777114683473747903e+00
3.000000000000000000e+01	4.811980484092389432e+00
3.100000000000000000e+01	4.852539144849095543e+00
3.200000000000000000e+01	4.895844752145794843e+00
3.300000000000000000e+01	4.922638725084479638e+00
3.400000000000000000e+01	4.955723270660711499e+00
3.500000000000000000e+01	4.982333842462044693e+00
3.600000000000000000e+01	5.012007941862180793e+00
3.700000000000000000e+01	5.041278404811754044e+00
3.800000000000000000e+01	5.067705329577739448e+00
3.900000000000000000e+01	5.098995724771001825e+00
4.000000000000000000e+01	5.150575945904703801e+00
4.100000000000000000e+01	5.180294549551063277e+00
4.200000000000000000e+01	5.204855795858932765e+00
4.300000000000000000e+01	5.247439578457112397e+00
4.400000000000000000e+01	5.288430451141979738e+00
4.500000000000000000e+01	5.306980521779280480e+00
4.600000000000000000e+01	5.328053667441204233e+00
4.700000000000000000e+01	5.355255877743454462e+00
4.800000000000000000e+01	5.378170981672150575e+00
4.900000000000000000e+01	5.386380800834902338e+00
5.000000000000000000e+01	5.426705568234077681e+00
5.100000000000000000e+01	5.448403137709006749e+00
5.200000000000000000e+01	5.475007669642865338e+00
5.300000000000000000e+01	5.507216362273791965e+00
5.400000000000000000e+01	5.538906698620028379e+00
5.500000000000000000e+01	5.552189891749018003e+00
5.600000000000000000e+01	5.577485663085700374e+00
5.700000000000000000e+01	5.589396752708408300e+00
5.800000000000000000e+01	5.613223701031825996e+00
5.900000000000000000e+01	5.629051670873061575e+00
6.000000000000000000e+01	5.654902011491388159e+00
6.100000000000000000e+01	5.666360455270298857e+00
6.200000000000000000e+01	5.691566961698284466e+00
6.300000000000000000e+01	5.730268925170305394e+00
6.400000000000000000e+01	5.741407870573742578e+00
6.500000000000000000e+01	5.767366188092456269e+00
6.600000000000000000e+01	5.791929204791562036e+00
6.700000000000000000e+01	5.815496257833645544e+00
6.800000000000000000e+01	5.838267410922605372e+00
6.900000000000000000e+01	5.862374184618912132e+00
7.000000000000000000e+01	5.873103812985815964e+00
7.100000000000000000e+01	5.909609717465503564e+00
7.200000000000000000e+01	5.924587639106206893e+00
7.300000000000000000e+01	5.930516843494133106e+00
7.400000000000000000e+01	5.954000670145530805e+00
7.500000000000000000e+01	5.983436480612205344e+00
7.600000000000000000e+01	6.011496181848134945e+00
7.700000000000000000e+01	6.062836135826887407e+00
7.800000000000000000e+01	6.083403280568786542e+00
7.900000000000000000e+01	6.098394660959939095e+00
8.000000000000000000e+01	6.119590428328662846e+00
8.100000000000000000e+01	6.138601429574306323e+00
8.200000000000000000e+01	6.151364630314517967e+00
8.300000000000000000e+01	6.169949624685276746e+00
8.400000000000000000e+01	6.198001304994383176e+00
8.500000000000000000e+01	6.229951610637518122e+00
8.600000000000000000e+01	6.263181222149469818e+00
8.700000000000000000e+01	6.291682411864540470e+00
8.800000000000000000e+01	6.330266078084354930e+00
8.900000000000000000e+01	6.353761682735179939e+00
9.000000000000000000e+01	6.359238050358194450e+00
9.100000000000000000e+01	6.373838362376391231e+00
9.200000000000000000e+01	6.398120132450330289e+00
9.300000000000000000e+01	6.428782149162638682e+00
9.400000000000000000e+01	6.456362630919086243e+00
9.500000000000000000e+01	6.477762180396936742e+00
9.600000000000000000e+01	6.500989684943301761e+00
9.700000000000000000e+01	6.527888860464341469e+00
9.800000000000000000e+01	6.549478733519903173e+00
9.900000000000000000e+01	6.570607410966053052e+00
1.000000000000000000e+02	6.598556337308354891e+00
1.010000000000000000e+02	6.605014736515522955e+00
1.020000000000000000e+02	6.613403424638100603e+00
1.030000000000000000e+02	6.633464794311895396e+00
1.040000000000000000e+02	6.642741878601071903e+00
1.050000000000000000e+02	6.680288965738204965e+00
1.060000000000000000e+02	6.696286550854762432e+00
1.070000000000000000e+02	6.707236533096616604e+00
1.080000000000000000e+02	6.732375270434313386e+00
1.090000000000000000e+02	6.740334414812991781e+00
1.100000000000000000e+02	6.772932305823057497e+00
1.110000000000000000e+02	6.780143885669188464e+00
1.120000000000000000e+02	6.785346707739288163e+00
1.130000000000000000e+02	6.789951408736922822e+00
1.140000000000000000e+02	6.809166699108115672e+00
1.150000000000000000e+02	6.807871501403289116e+00
1.160000000000000000e+02	6.830978755715777950e+00
1.170000000000000000e+02	6.855625500236771863e+00
1.180000000000000000e+02	6.871375564918958290e+00
1.190000000000000000e+02	6.881382979631321284e+00
1.200000000000000000e+02	6.872536419776484884e+00
1.210000000000000000e+02	6.879227520354805669e+00
1.220000000000000000e+02	6.889779617092804287e+00
1.230000000000000000e+02	6.918876884438484254e+00
1.240000000000000000e+02	6.944525792651418783e+00
1.250000000000000000e+02	6.973544068887802538e+00
1.260000000000000000e+02	6.994827214572294061e+00
1.270000000000000000e+02	7.011501445882120542e+00
1.280000000000000000e+02	7.035916441273295518e+00
1.290000000000000000e+02	7.043702488904298953e+00
1.300000000000000000e+02	7.049913039290555794e+00
1.310000000000000000e+02	7.071775378144669943e+00
1.320000000000000000e+02	7.089995514239939567e+00
1.330000000000000000e+02	7.126299835258492976e+00
1.340000000000000000e+02	7.141481200073698687e+00
1.350000000000000000e+02	7.149922137640966291e+00
1.360000000000000000e+02	7.166282889619158603e+00
1.370000000000000000e+02	7.180206292578401595e+00
1.380000000000000000e+02	7.190153347283592566e+00
1.390000000000000000e+02	7.202352623296460088e+00
1.400000000000000000e+02	7.208818221460662201e+00
1.410000000000000000e+02	7.264399508067533873e+00
1.420000000000000000e+02	7.270441040902480445e+00
1.430000000000000000e+02	7.280371071511575920e+00
1.440000000000000000e+02	7.305688426133988500e+00
1.450000000000000000e+02	7.328243959034317356e+00
1.460000000000000000e+02	7.350332637949226644e+00
1.470000000000000000e+02	7.385333402532891611e+00
1.480000000000000000e+02	7.404730882087115162e+00
1.490000000000000000e+02	7.408916804258263156e+00
1.500000000000000000e+02	7.408676753433899975e+00
1.510000000000000000e+02	7.430147218980555301e+00
1.520000000000000000e+02	7.445614518387825953e+00
1.530000000000000000e+02	7.456810198832963366e+00
1.540000000000000000e+02	7.458525540690123634e+00
1.550000000000000000e+02	7.483643587462847968e+00
1.560000000000000000e+02	7.485455827484011948e+00
1.570000000000000000e+02	7.487973210026362736e+00
1.580000000000000000e+02	7.504739552783621370e+00
1.590000000000000000e+02	7.524043258177316673e+00
1.600000000000000000e+02	7.526090507829347409e+00
1.610000000000000000e+02	7.535428734412596086e+00
1.620000000000000000e+02	7.554659004953552248e+00
1.630000000000000000e+02	7.562533814814369926e+00
1.640000000000000000e+02	7.588359600124635840e+00
1.650000000000000000e+02	7.596596313297377279e+00
1.660000000000000000e+02	7.606527344773065913e+00
1.670000000000000000e+02	7.601328941408591611e+00
1.680000000000000000e+02	7.609713908615651334e+00
1.690000000000000000e+02	7.610762280319886663e+00
1.700000000000000000e+02	7.649034668012992810e+00
1.710000000000000000e+02	7.660412519155075373e+00
1.720000000000000000e+02	7.666855386810903283e+00
1.730000000000000000e+02	7.677068701730578759e+00
1.740000000000000000e+02	7.670750118738991041e+00
1.750000000000000000e+02	7.679169685863071138e+00
1.760000000000000000e+02	7.685589422867394660e+00
1.770000000000000000e+02	7.671930795358724353e+00
1.780000000000000000e+02	7.673225557663231555e+00
1.790000000000000000e+02	7.668820099217358965e+00
1.800000000000000000e+02	7.701540048553610518e+00
1.810000000000000000e+02	7.708765792889207269e+00
1.820000000000000000e+02	7.716419642703070458e+00
1.830000000000000000e+02	7.727689414696463643e+00
1.840000000000000000e+02	7.725693361313633822e+00
1.850000000000000000e+02	7.754734056195640157e+00
1.860000000000000000e+02	7.780679126490499975e+00
1.870000000000000000e+02	7.808634211965779670e+00
1.880000000000000000e+02	7.826388538231308978e+00
1.890000000000000000e+02	7.828723835683639720e+00
1.900000000000000000e+02	7.822256272332799298e+00
1.910000000000000000e+02	7.844496327835886795e+00
1.920000000000000000e+02	7.858066276456264987e+00
1.930000000000000000e+02	7.860970563641939357e+00
1.940000000000000000e+02	7.869442222947595766e+00
1.950000000000000000e+02	7.888087941584977614e+00
1.960000000000000000e+02	7.911824362116803400e+00
1.970000000000000000e+02	7.934458640576709243e+00
1.980000000000000000e+02	7.965181419237123528e+00
1.990000000000000000e+02	7.984289424743042041e+00
2.000000000000000000e+02	7.991977640459258403e+00
2.010000000000000000e+02	7.997538640528079945e+00
2.020000000000000000e+02	8.010834276024178635e+00
2.030000000000000000e+02	8.015724634843797602e+00
2.040000000000000000e+02	8.011616576208533402e+00
2.050000000000000000e+02	8.023829397636884408e+00
2.060000000000000000e+02	8.029785928780105664e+00
2.070000000000000000e+02	8.079632514059042592e+00
2.080000000000000000e+02	8.095411818959112438e+00
2.090000000000000000e+02	8.105390772629078810e+00
2.100000000000000000e+02	8.118296713835425393e+00
2.110000000000000000e+02	8.117058412453454608e+00
2.120000000000000000e+02	8.117868868346969080e+00
2.130000000000000000e+02	8.116632726462430725e+00
2.140000000000000000e+02	8.111714322952293443e+00
2.150000000000000000e+02	8.133515180466648786e+00
2.160000000000000000e+02	8.144017057358524880e+00
2.170000000000000000e+02	8.128641530184065545e+00
2.180000000000000000e+02	8.142157855972683933e+00
2.190000000000000000e+02	8.149206136539920209e+00
2.200000000000000000e+02	8.175240470449425700e+00
2.210000000000000000e+02	8.170960360467478978e+00
2.220000000000000000e+02	8.166487701645236186e+00
2.230000000000000000e+02	8.165805477515242217e+00
2.240000000000000000e+02	8.198077106681585846e+00
2.250000000000000000e+02	8.189554023986861608e+00
2.260000000000000000e+02	8.184630482916803729e+00
2.270000000000000000e+02	8.192300499646771428e+00
2.280000000000000000e+02	8.207362961645216615e+00
2.290000000000000000e+02	8.206839658027453410e+00
2.300000000000000000e+02	8.192078815352177301e+00
2.310000000000000000e+02	8.207661358083353065e+00
2.320000000000000000e+02	8.248996011951922114e+00
2.330000000000000000e+02	8.255855333263140139e+00
2.340000000000000000e+02	8.281631487144085924e+00
2.350000000000000000e+02	8.290558312392763085e+00
2.360000000000000000e+02	8.313424590077776344e+00
2.370000000000000000e+02	8.317484730425203310e+00
2.380000000000000000e+02	8.338149093885178331e+00
2.390000000000000000e+02	8.351562956126681314e+00
2.400000000000000000e+02	8.345075232540924759e+00
2.410000000000000000e+02	8.361395477190512793e+00
2.420000000000000000e+02	8.368649590105595948e+00
2.430000000000000000e+02	8.378242622864515710e+00
2.440000000000000000e+02	8.377990485709347013e+00
2.450000000000000000e+02	8.397846945616347369e+00
2.460000000000000000e+02	8.425017999621566389e+00
2.470000000000000000e+02	8.425412890687917766e+00
2.480000000000000000e+02	8.436720596300848030e+00
2.490000000000000000e+02	8.448311025191571844e+00
2.500000000000000000e+02	8.477901667791813978e+00
2.510000000000000000e+02	8.509368647397328900e+00
2.520000000000000000e+02	8.536754649886894697e+00
2.530000000000000000e+02	8.548233581510306323e+00
2.540000000000000000e+02	8.540949733752784212e+00
2.550000000000000000e+02	8.556874182435166176e+00
2.560000000000000000e+02	8.573686214990324572e+00
2.570000000000000000e+02	8.580013851120430246e+00
2.580000000000000000e+02	8.585541068713899548e+00
2.590000000000000000e+02	8.590049091402516268e+00
2.600000000000000000e+02	8.610441924780094070e+00
2.610000000000000000e+02	8.643013353486811212e+00
2.620000000000000000e+02	8.644547796553407437e+00
2.630000000000000000e+02	8.644830953006685803e+00
2.640000000000000000e+02	8.639479424731757007e+00
2.650000000000000000e+02	8.650551787881729737e+00
2.660000000000000000e+02	8.626098154521830708e+00
2.670000000000000000e+02	8.633255681209860199e+00
2.680000000000000000e+02	8.648112132352959947e+00
2.690000000000000000e+02	8.671543223229544850e+00
2.700000000000000000e+02	8.692569818482063226e+00
2.710000000000000000e+02	8.701496959494843253e+00
2.720000000000000000e+02	8.720318128258199408e+00
2.730000000000000000e+02	8.747861402490642035e+00
2.740000000000000000e+02	8.781933696144315959e+00
2.750000000000000000e+02	8.792293368830421230e+00
2.760000000000000000e+02	8.776292797512333266e+00
2.770000000000000000e+02	8.746861608520177356e+00
2.780000000000000000e+02	8.732343353305008549e+00
2.790000000000000000e+02	8.727584899711967381e+00
2.800000000000000000e+02	8.735469285782873072e+00
2.810000000000000000e+02	8.738170286781244300e+00
2.820000000000000000e+02	8.738265172645073520e+00
2.830000000000000000e+02	8.740138988205110593e+00
2.840000000000000000e+02	8.727695809422503004e+00
2.850000000000000000e+02	8.740350007483710826e+00
2.860000000000000000e+02	8.751254982552326922e+00
2.870000000000000000e+02	8.752394831375891471e+00
2.880000000000000000e+02	8.760768016229112831e+00
2.890000000000000000e+02	8.786170664991203694e+00
2.900000000000000000e+02	8.793845714960662363e+00
2.910000000000000000e+02	8.781538616033216726e+00
2.920000000000000000e+02	8.769122462306295773e+00
2.930000000000000000e+02	8.791989896474683874e+00
2.940000000000000000e+02	8.802321884610682545e+00
2.950000000000000000e+02	8.824644338238915253e+00
2.960000000000000000e+02	8.824047192991482547e+00
2.970000000000000000e+02	8.824105689743392489e+00
2.980000000000000000e+02	8.824915732205736774e+00
2.990000000000000000e+02	8.833676320332122245e+00
3.000000000000000000e+02	8.845624526406790977e+00
3.010000000000000000e+02	8.877648937893098946e+00
3.020000000000000000e+02	8.883822478491612884e+00
3.030000000000000000e+02	8.911243002046353112e+00
3.040000000000000000e+02	8.915017143883385842e+00
3.050000000000000000e+02	8.917299921692647402e+00
3.060000000000000000e+02	8.936142505162637306e+00
3.070000000000000000e+02	8.954694329491733384e+00
3.080000000000000000e+02	8.971832989115643642e+00
3.090000000000000000e+02	8.969785403215571051e+00
3.100000000000000000e+02	8.976144680006026277e+00
3.110000000000000000e+02	8.957201376898218825e+00
3.120000000000000000e+02	8.944632562214554383e+00
3.130000000000000000e+02	8.942618813945763634e+00
3.140000000000000000e+02	8.963683383841601682e+00
3.150000000000000000e+02	8.976148231026563451e+00
3.160000000000000000e+02	8.971676135104752703e+00
3.170000000000000000e+02	8.978909980822608716e+00
3.180000000000000000e+02	8.986870553305520204e+00
3.190000000000000000e+02	8.994277291364497273e+00
3.200000000000000000e+02	9.006436200947510073e+00
3.210000000000000000e+02	9.028437002463991945e+00
3.220000000000000000e+02	9.065020294522129873e+00
3.230000000000000000e+02	9.052277596442523944e+00
3.240000000000000000e+02	9.044272930617765383e+00
3.250000000000000000e+02	9.068506683782594280e+00
3.260000000000000000e+02	9.076803589799878225e+00
3.270000000000000000e+02	9.073057902987564205e+00
3.280000000000000000e+02	9.078689967738203137e+00
3.290000000000000000e+02	9.079964945063712989e+00
3.300000000000000000e+02	9.092161766359488695e+00
3.310000000000000000e+02	9.083528135601746101e+00
3.320000000000000000e+02	9.090763209784775256e+00
3.330000000000000000e+02	9.134616616779975828e+00
3.340000000000000000e+02	9.141627407955045470e+00
3.350000000000000000e+02	9.175920557658574950e+00
3.360000000000000000e+02	9.158109827339439235e+00
3.370000000000000000e+02	9.149384600128795952e+00
3.380000000000000000e+02	9.172139522128921030e+00
3.390000000000000000e+02	9.166130722551148580e+00
3.400000000000000000e+02	9.168448837098919668e+00
3.410000000000000000e+02	9.168946278486476587e+00
3.420000000000000000e+02	9.181730442544488113e+00
3.430000000000000000e+02	9.205247225817538848e+00
3.440000000000000000e+02	9.230669856297307518e+00
3.450000000000000000e+02	9.249558997040935537e+00
3.460000000000000000e+02	9.275831780521718528e+00
3.470000000000000000e+02	9.277925868618266847e+00
3.480000000000000000e+02	9.302695225096286435e+00
3.490000000000000000e+02	9.310769010481966035e+00
3.500000000000000000e+02	9.321144645971696008e+00
3.510000000000000000e+02	9.339146185565581959e+00
3.520000000000000000e+02	9.349854502670346790e+00
3.530000000000000000e+02	9.358747980590369053e+00
3.540000000000000000e+02	9.350721323565638343e+00
3.550000000000000000e+02	9.395787004058281155e+00
3.560000000000000000e+02	9.411987351043034522e+00
3.570000000000000000e+02	9.402577956083852939e+00
3.580000000000000000e+02	9.411350171233532791e+00
3.590000000000000000e+02	9.406350740607752670e+00
3.600000000000000000e+02	9.399496950952514140e+00
3.610000000000000000e+02	9.396770736460217321e+00
3.620000000000000000e+02	9.389367780368759853e+00
3.630000000000000000e+02	9.397054311864511789e+00
3.640000000000000000e+02	9.392148484385149487e+00
3.650000000000000000e+02	9.404364008361955740e+00
3.660000000000000000e+02	9.428337879926029785e+00
3.670000000000000000e+02	9.459448234763369712e+00
3.680000000000000000e+02	9.483357243549971116e+00
3.690000000000000000e+02	9.473556463681481077e+00
3.700000000000000000e+02	9.498574984133187016e+00
3.710000000000000000e+02	9.507018295300152744e+00
3.720000000000000000e+02	9.508918538696772060e+00
3.730000000000000000e+02	9.512161325248943200e+00
3.740000000000000000e+02	9.510569336763362358e+00
3.750000000000000000e+02	9.509057190580733732e+00
3.760000000000000000e+02	9.510983991427330864e+00
3.770000000000000000e+02	9.525626754461431034e+00
3.780000000000000000e+02	9.552841571758538208e+00
3.790000000000000000e+02	9.583027743576701951e+00
3.800000000000000000e+02	9.557470449723933115e+00
3.810000000000000000e+02	9.535811931235588901e+00
3.820000000000000000e+02	9.561158720957891433e+00
3.830000000000000000e+02	9.572164111094140893e+00
3.840000000000000000e+02	9.561014238566125201e+00
3.850000000000000000e+02	9.544181963125931034e+00
3.860000000000000000e+02	9.533735470819216573e+00
3.870000000000000000e+02	9.555246509520582521e+00
3.880000000000000000e+02	9.559230470560411419e+00
3.890000000000000000e+02	9.565411215993755434e+00
3.900000000000000000e+02	9.590628803602466945e+00
3.910000000000000000e+02	9.592663736866773760e+00
3.920000000000000000e+02	9.602349462591343254e+00
3.930000000000000000e+02	9.581704419800837869e+00
3.940000000000000000e+02	9.595373223142811270e+00
3.950000000000000000e+02	9.611208882721758329e+00
3.960000000000000000e+02	9.614454176860622425e+00
3.970000000000000000e+02	9.611203616191087207e+00
3.980000000000000000e+02	9.603837035678797207e+00
3.990000000000000000e+02	9.565603171384092107e+00
4.000000000000000000e+02	9.580185664754791830e+00
4.010000000000000000e+02	9.579039443227737038e+00
4.020000000000000000e+02	9.593870485916621504e+00
4.030000000000000000e+02	9.598590900747755228e+00
4.040000000000000000e+02	9.643076328628955807e+00
4.050000000000000000e+02	9.642880078702654956e+00
4.060000000000000000e+02	9.660920029274606691e+00
4.070000000000000000e+02	9.639982973026732793e+00
4.080000000000000000e+02	9.617710536972420954e+00
4.090000000000000000e+02	9.638458574610034191e+00
4.100000000000000000e+02	9.656878003623486251e+00
4.110000000000000000e+02	9.663183313309321676e+00
4.120000000000000000e+02	9.665611222565742011e+00
4.130000000000000000e+02	9.647024187891432234e+00
4.140000000000000000e+02	9.658318444437375305e+00
4.150000000000000000e+02	9.660355400507709689e+00
4.160000000000000000e+02	9.684135320773638256e+00
4.170000000000000000e+02	9.684622036503617082e+00
4.180000000000000000e+02	9.693452903302452128e+00
4.190000000000000000e+02	9.691024236666255121e+00
4.200000000000000000e+02	9.696862725369111757e+00
4.210000000000000000e+02	9.709961427431101910e+00
4.220000000000000000e+02	9.720489669647658815e+00
4.230000000000000000e+02	9.719428336004403590e+00
4.240000000000000000e+02	9.707010102187172862e+00
4.250000000000000000e+02	9.725911151128077137e+00
4.260000000000000000e+02	9.717645560674705862e+00
4.270000000000000000e+02	9.734875314099326715e+00
4.280000000000000000e+02	9.733051959766729766e+00
4.290000000000000000e+02	9.747297888890591011e+00
4.300000000000000000e+02	9.737875916785636576e+00
4.310000000000000000e+02	9.749445752321845404e+00
4.320000000000000000e+02	9.755849691315553684e+00
4.330000000000000000e+02	9.752310872427996102e+00
4.340000000000000000e+02	9.771567394658783101e+00
4.350000000000000000e+02	9.778641352122541264e+00
4.360000000000000000e+02	9.798730308551906631e+00
4.370000000000000000e+02	9.768768741040123160e+00
4.380000000000000000e+02	9.778591267296315337e+00
4.390000000000000000e+02	9.794747020164232154e+00
4.400000000000000000e+02	9.819967892797832221e+00
4.410000000000000000e+02	9.796743907860641087e+00
4.420000000000000000e+02	9.794057626476501355e+00
4.430000000000000000e+02	9.772064798974943400e+00
4.440000000000000000e+02	9.795277178194520928e+00
4.450000000000000000e+02	9.790035788630445879e+00
4.460000000000000000e+02	9.821820874109203459e+00
4.470000000000000000e+02	9.829848631248598423e+00
4.480000000000000000e+02	9.840418808802883888e+00
4.490000000000000000e+02	9.860619662224836546e+00
4.500000000000000000e+02	9.908066487689351831e+00
4.510000000000000000e+02	9.945883067733987559e+00
4.520000000000000000e+02	9.941301168233014351e+00
4.530000000000000000e+02	9.940121781942744761e+00
4.540000000000000000e+02	9.954815434243329264e+00
4.550000000000000000e+02	9.937426853785266800e+00
4.560000000000000000e+02	9.943266504606651068e+00
4.570000000000000000e+02	9.953273256234734134e+00
4.580000000000000000e+02	9.952988389898283828e+00
4.590000000000000000e+02	9.946253875633413344e+00
4.600000000000000000e+02	9.952692432389957489e+00
4.610000000000000000e+02	9.976610839411398146e+00
4.620000000000000000e+02	9.989701459894829938e+00
4.630000000000000000e+02	9.987253003417338348e+00
4.640000000000000000e+02	9.988736063751321836e+00
4.650000000000000000e+02	1.000068756717642415e+01
4.660000000000000000e+02	9.998118007962149889e+00
4.670000000000000000e+02	1.002293969827897513e+01
4.680000000000000000e+02	1.002754063393735784e+01
4.690000000000000000e+02	1.003881228075117171e+01
4.700000000000000000e+02	1.000165286299019130e+01
4.710000000000000000e+02	9.994684322776889118e+00
4.720000000000000000e+02	1.000022576716806633e+01
4.730000000000000000e+02	9.997173729107572626e+00
4.740000000000000000e+02	1.001731556352615016e+01
4.750000000000000000e+02	1.003789369819034860e+01
4.760000000000000000e+02	1.004568630837102106e+01
4.770000000000000000e+02	1.004592663654911000e+01
4.780000000000000000e+02	1.005567627362136740e+01
4.790000000000000000e+02	1.006104314564285396e+01
4.800000000000000000e+02	1.007983509625840313e+01
4.810000000000000000e+02	1.007978471181192148e+01
4.820000000000000000e+02	1.008161730226533948e+01
4.830000000000000000e+02	1.006027290244321293e+01
4.840000000000000000e+02	1.008169769684137762e+01
4.850000000000000000e+02	1.011300964383508294e+01
4.860000000000000000e+02	1.010558853060137174e+01
4.870000000000000000e+02	1.011232718134577979e+01
4.880000000000000000e+02	1.012646511412641281e+01
4.890000000000000000e+02	1.010735164508049522e+01
4.900000000000000000e+02	1.010806045764756256e+01
4.910000000000000000e+02	1.009601940902942374e+01
4.920000000000000000e+02	1.009503976244337586e+01
4.930000000000000000e+02	1.009576342819241646e+01
4.940000000000000000e+02	1.011148987745677985e+01
4.950000000000000000e+02	1.012767311606343590e+01
4.960000000000000000e+02	1.014354628728554530e+01
4.970000000000000000e+02	1.014510553713920693e+01
4.980000000000000000e+02	1.017947432111711770e+01
4.990000000000000000e+02	1.019678085010786539e+01
5.000000000000000000e+02	1.021760917749660891e+01
5.010000000000000000e+02	1.023854169197956843e+01
5.020000000000000000e+02	1.023175452430976051e+01
5.030000000000000000e+02	1.022615072102824207e+01
5.040000000000000000e+02	1.025295705875689833e+01
5.050000000000000000e+02	1.025682695007760969e+01
5.060000000000000000e+02	1.024077592325161312e+01
5.070000000000000000e+02	1.026818319361129639e+01
5.080000000000000000e+02	1.030043583544374108e+01
5.090000000000000000e+02	1.029057463799149197e+01
5.100000000000000000e+02	1.029103858902976576e+01
5.110000000000000000e+02	1.026832860829246918e+01
5.120000000000000000e+02	1.026514873614214096e+01
5.130000000000000000e+02	1.027032399772418358e+01
5.140000000000000000e+02	1.025131011957390470e+01
5.150000000000000000e+02	1.026249264986860510e+01
5.160000000000000000e+02	1.027259058479709886e+01
5.170000000000000000e+02	1.025674907075310216e+01
5.180000000000000000e+02	1.028883571576680467e+01
5.190000000000000000e+02	1.029249521420880242e+01
5.200000000000000000e+02	1.027117699888112057e+01
5.210000000000000000e+02	1.028318985941222152e+01
5.220000000000000000e+02	1.026799721481544836e+01
5.230000000000000000e+02	1.029013876142214556e+01
5.240000000000000000e+02	1.028239223304959005e+01
5.250000000000000000e+02	1.027215749459789151e+01
5.260000000000000000e+02	1.025108142863736482e+01
5.270000000000000000e+02	1.025789659109648966e+01
5.280000000000000000e+02	1.025451454670186635e+01
5.290000000000000000e+02	1.021285455124031927e+01
5.300000000000000000e+02	1.018739331679324245e+01
5.310000000000000000e+02	1.021755863646762208e+01
5.320000000000000000e+02	1.020697151752031218e+01
5.330000000000000000e+02	1.020408424048422624e+01
5.340000000000000000e+02	1.021654027163920020e+01
5.350000000000000000e+02	1.024383026836540900e+01
5.360000000000000000e+02	1.023948666460360890e+01
5.370000000000000000e+02	1.025948338622733047e+01
5.380000000000000000e+02	1.024666818118329203e+01
5.390000000000000000e+02	1.025662316466779522e+01
5.400000000000000000e+02	1.025959709913094287e+01
5.410000000000000000e+02	1.026614878976327816e+01
5.420000000000000000e+02	1.030062607375950456e+01
5.430000000000000000e+02	1.030943984287277715e+01
5.440000000000000000e+02	1.031585363425898905e+01
5.450000000000000000e+02	1.033169664091173168e+01
5.460000000000000000e+02	1.033572737445470224e+01
5.470000000000000000e+02	1.035342264846006444e+01
5.480000000000000000e+02	1.035929695784751559e+01
5.490000000000000000e+02	1.037451572274865619e+01
5.500000000000000000e+02	1.038807411714793716e+01
5.510000000000000000e+02	1.039756970481417575e+01
5.520000000000000000e+02	1.039318950049118229e+01
5.530000000000000000e+02	1.041224600979547610e+01
5.540000000000000000e+02	1.042292375035368579e+01
5.550000000000000000e+02	1.043634746643674838e+01
5.560000000000000000e+02	1.046909217373336176e+01
5.570000000000000000e+02	1.046761490830109764e+01
5.580000000000000000e+02	1.045591008135087741e+01
5.590000000000000000e+02	1.048583374651102318e+01
5.600000000000000000e+02	1.047453433889346464e+01
5.610000000000000000e+02	1.048937669534997319e+01
5.620000000000000000e+02	1.051823860298652846e+01
5.630000000000000000e+02	1.054226209337800135e+01
5.640000000000000000e+02	1.055890881484124932e+01
5.650000000000000000e+02	1.052624712890009206e+01
5.660000000000000000e+02	1.053929609750965568e+01
5.670000000000000000e+02	1.053588572968032544e+01
5.680000000000000000e+02	1.051930738912522578e+01
5.690000000000000000e+02	1.051851267354511066e+01
5.700000000000000000e+02	1.053511165078612954e+01
5.710000000000000000e+02	1.053120637643768021e+01
5.720000000000000000e+02	1.053649985510313059e+01
5.730000000000000000e+02	1.055876372301944954e+01
5.740000000000000000e+02	1.054533194820215591e+01
5.750000000000000000e+02	1.057375993110077061e+01
5.760000000000000000e+02	1.060385272134202417e+01
5.770000000000000000e+02	1.057328378970700378e+01
5.780000000000000000e+02	1.057003850863449834e+01
5.790000000000000000e+02	1.056075992761079796e+01
5.800000000000000000e+02	1.058892931151848771e+01
5.810000000000000000e+02	1.056310014681773346e+01
5.820000000000000000e+02	1.055075278458199861e+01
5.830000000000000000e+02	1.055407489436496427e+01
5.840000000000000000e+02	1.055840886496285158e+01
5.850000000000000000e+02	1.059453828279649024e+01
5.860000000000000000e+02	1.059967212467334363e+01
5.870000000000000000e+02	1.059631762563656210e+01
5.880000000000000000e+02	1.058900924758698814e+01
5.890000000000000000e+02	1.057966730864889016e+01
5.900000000000000000e+02	1.059995994155987020e+01
5.910000000000000000e+02	1.058356012145981140e+01
5.920000000000000000e+02	1.055154337451647173e+01
5.930000000000000000e+02	1.056228017555253196e+01
5.940000000000000000e+02	1.053832738103550426e+01
5.950000000000000000e+02	1.053714239732896552e+01
5.960000000000000000e+02	1.053577723171019898e+01
5.970000000000000000e+02	1.052949868293490354e+01
5.980000000000000000e+02	1.053914257486540151e+01
5.990000000000000000e+02	1.054126406211190137e+01
6.000000000000000000e+02	1.057760475323660998e+01
6.010000000000000000e+02	1.060252080760605331e+01
6.020000000000000000e+02	1.061572563363884747e+01
6.030000000000000000e+02	1.062225894598157616e+01
6.040000000000000000e+02	1.062606317350839191e+01
6.050000000000000000e+02	1.064048487630836881e+01
6.060000000000000000e+02	1.062560831108492998e+01
6.070000000000000000e+02	1.064556842101657708e+01
6.080000000000000000e+02	1.067858067962626123e+01
6.090000000000000000e+02	1.072245001526573382e+01
6.100000000000000000e+02	1.073474044979961306e+01
6.110000000000000000e+02	1.072583105279737836e+01
6.120000000000000000e+02	1.072199031168922900e+01
6.130000000000000000e+02	1.072052701172133204e+01
6.140000000000000000e+02	1.072081731091227752e+01
6.150000000000000000e+02	1.074446346963881815e+01
6.160000000000000000e+02	1.075920639237761023e+01
6.170000000000000000e+02	1.075556304134672381e+01
6.180000000000000000e+02	1.073801420673870055e+01
6.190000000000000000e+02	1.073842846313933563e+01
6.200000000000000000e+02	1.076552290423606095e+01
6.210000000000000000e+02	1.076600843648315120e+01
6.220000000000000000e+02	1.077342629492824067e+01
6.230000000000000000e+02	1.077383409499821632e+01
6.240000000000000000e+02	1.076361331513942865e+01
6.250000000000000000e+02	1.076822345763057776e+01
6.260000000000000000e+02	1.077892048887816046e+01
6.270000000000000000e+02	1.079372384330457812e+01
6.280000000000000000e+02	1.078411526283402111e+01
6.290000000000000000e+02	1.077019572706930539e+01
6.300000000000000000e+02	1.078416197190172454e+01
6.310000000000000000e+02	1.075811917108134885e+01
6.320000000000000000e+02	1.072702142378470747e+01
6.330000000000000000e+02	1.071701244526199304e+01
6.340000000000000000e+02	1.070589048902924034e+01
6.350000000000000000e+02	1.069752633203427727e+01
6.360000000000000000e+02	1.069100076116242448e+01
6.370000000000000000e+02	1.072857830453400929e+01
6.380000000000000000e+02	1.075172463869614248e+01
6.390000000000000000e+02	1.075700586706052242e+01
6.400000000000000000e+02	1.077744473061405373e+01
6.410000000000000000e+02	1.080371252449346287e+01
6.420000000000000000e+02	1.082925229019691926e+01
6.430000000000000000e+02	1.083833941017223701e+01
6.440000000000000000e+02	1.084304246083968515e+01
6.450000000000000000e+02	1.081932122078951508e+01
6.460000000000000000e+02	1.082202319372641952e+01
6.470000000000000000e+02	1.080359608749677669e+01
6.480000000000000000e+02	1.081283794425932498e+01
6.490000000000000000e+02	1.084254487395331168e+01
6.500000000000000000e+02	1.086566953707551519e+01
6.510000000000000000e+02	1.085952375067926212e+01
6.520000000000000000e+02	1.086433536400502931e+01
6.530000000000000000e+02	1.082837997567391319e+01
6.540000000000000000e+02	1.083815783523881393e+01
6.550000000000000000e+02	1.081605399492861608e+01
6.560000000000000000e+02	1.081176177180233466e+01
6.570000000000000000e+02	1.082414579677770661e+01
6.580000000000000000e+02	1.081832834504495189e+01
6.590000000000000000e+02	1.081420231486671391e+01
6.600000000000000000e+02	1.082876364685144566e+01
6.610000000000000000e+02	1.087139280410687192e+01
6.620000000000000000e+02	1.087115330181733519e+01
6.630000000000000000e+02	1.090509154890643728e+01
6.640000000000000000e+02	1.091570009589377577e+01
6.650000000000000000e+02	1.090573203268936808e+01
6.660000000000000000e+02	1.090412315097514195e+01
6.670000000000000000e+02	1.090879245508497064e+01
6.680000000000000000e+02	1.090189688093356679e+01
6.690000000000000000e+02	1.091451375361711307e+01
6.700000000000000000e+02	1.089111973251256238e+01
6.710000000000000000e+02	1.090376409068535857e+01
6.720000000000000000e+02	1.089586728504518831e+01
6.730000000000000000e+02	1.089698536705036602e+01
6.740000000000000000e+02	1.090619584962743893e+01
6.750000000000000000e+02	1.086133412029455414e+01
6.760000000000000000e+02	1.086220384045658172e+01
6.770000000000000000e+02	1.089962414045339578e+01
6.780000000000000000e+02	1.089104370118947251e+01
6.790000000000000000e+02	1.092958381178782368e+01
6.800000000000000000e+02	1.091343542980225756e+01
6.810000000000000000e+02	1.094060979073448081e+01
6.820000000000000000e+02	1.093301046370991081e+01
6.830000000000000000e+02	1.090361971667000596e+01
6.840000000000000000e+02	1.092980710391681320e+01
6.850000000000000000e+02	1.091548090457644804e+01
6.860000000000000000e+02	1.090914710529115084e+01
6.870000000000000000e+02	1.089643083753639630e+01
6.880000000000000000e+02	1.087861220833625708e+01
6.890000000000000000e+02	1.087093372070416031e+01
6.900000000000000000e+02	1.088973812662230856e+01
6.910000000000000000e+02	1.089006533044627822e+01
6.920000000000000000e+02	1.089409616292585881e+01
6.930000000000000000e+02	1.088365102363796666e+01
6.940000000000000000e+02	1.089537391622566176e+01
6.950000000000000000e+02	1.087650999618528935e+01
6.960000000000000000e+02	1.088885849065032652e+01
6.970000000000000000e+02	1.091075517592436128e+01
6.980000000000000000e+02	1.090640309225459603e+01
6.990000000000000000e+02	1.091891005858448160e+01
7.000000000000000000e+02	1.091856440122110783e+01
7.010000000000000000e+02	1.090851518007836418e+01
7.020000000000000000e+02	1.089126203224746270e+01
7.030000000000000000e+02	1.089469238206727297e+01
7.040000000000000000e+02	1.088675809601360633e+01
7.050000000000000000e+02	1.089738543057212006e+01
7.060000000000000000e+02	1.091720621422492776e+01
7.070000000000000000e+02	1.093186890055605076e+01
7.080000000000000000e+02	1.093924736317728552e+01
7.090000000000000000e+02	1.094650514535000241e+01
7.100000000000000000e+02	1.093465536527926396e+01
7.110000000000000000e+02	1.093242256240932520e+01
7.120000000000000000e+02	1.096589342412093870e+01
7.130000000000000000e+02	1.096574682051238270e+01
7.140000000000000000e+02	1.099626183911446198e+01
7.150000000000000000e+02	1.098324415127073550e+01
7.160000000000000000e+02	1.100389626920384600e+01
7.170000000000000000e+02	1.098916135955072448e+01
7.180000000000000000e+02	1.097040477651963819e+01
7.190000000000000000e+02	1.096059422232344893e+01
7.200000000000000000e+02	1.095160008952532849e+01
7.210000000000000000e+02	1.094243538382525216e+01
7.220000000000000000e+02	1.095550853007644321e+01
7.230000000000000000e+02	1.095436392220003974e+01
7.240000000000000000e+02	1.092716267787017514e+01
7.250000000000000000e+02	1.093024791268077678e+01
7.260000000000000000e+02	1.093470281024308832e+01
7.270000000000000000e+02	1.094192650032802661e+01
7.280000000000000000e+02	1.096612050737033428e+01
7.290000000000000000e+02	1.097827358964704025e+01
7.300000000000000000e+02	1.101958028875824525e+01
7.310000000000000000e+02	1.100534629730139713e+01
7.320000000000000000e+02	1.101209089091339521e+01
7.330000000000000000e+02	1.102782723764028461e+01
7.340000000000000000e+02	1.099840548026098119e+01
7.350000000000000000e+02	1.100183617935254077e+01
7.360000000000000000e+02	1.101087873061097255e+01
7.370000000000000000e+02	1.098450081971382097e+01
7.380000000000000000e+02	1.100858097897831378e+01
7.390000000000000000e+02	1.100041063860335910e+01
7.400000000000000000e+02	1.101024114769684026e+01
7.410000000000000000e+02	1.104806994704587453e+01
7.420000000000000000e+02	1.105630371974474535e+01
7.430000000000000000e+02	1.108405656436792164e+01
7.440000000000000000e+02	1.108606811639767997e+01
7.450000000000000000e+02	1.110837180515260059e+01
7.460000000000000000e+02	1.112868989788831797e+01
7.470000000000000000e+02	1.113508398153663137e+01
7.480000000000000000e+02	1.112095209956480701e+01
7.490000000000000000e+02	1.115416060746256477e+01
7.500000000000000000e+02	1.115233754091773122e+01
7.510000000000000000e+02	1.114049810909421545e+01
7.520000000000000000e+02	1.115089479070329581e+01
7.530000000000000000e+02	1.112880732074135004e+01
7.540000000000000000e+02	1.114351325812190296e+01
7.550000000000000000e+02	1.112043379014395583e+01
7.560000000000000000e+02	1.113830011699464428e+01
7.570000000000000000e+02	1.115655011119640605e+01
7.580000000000000000e+02	1.116345343356079667e+01
7.590000000000000000e+02	1.119244430496467224e+01
7.600000000000000000e+02	1.115789942309333682e+01
7.610000000000000000e+02	1.115096529218916466e+01
7.620000000000000000e+02	1.113626114168248549e+01
7.630000000000000000e+02	1.114648903081140219e+01
7.640000000000000000e+02	1.115056353567975478e+01
7.650000000000000000e+02	1.116868654445314135e+01
7.660000000000000000e+02	1.119027213012035560e+01
7.670000000000000000e+02	1.120209701566348848e+01
7.680000000000000000e+02	1.121904446506000497e+01
7.690000000000000000e+02	1.122278967436268005e+01
7.700000000000000000e+02	1.123641834940324813e+01
7.710000000000000000e+02	1.122731232256404965e+01
7.720000000000000000e+02	1.122131543227214756e+01
7.730000000000000000e+02	1.119854726550406987e+01
7.740000000000000000e+02	1.119996700538782264e+01
7.750000000000000000e+02	1.119692833786483277e+01
7.760000000000000000e+02	1.116001165237005566e+01
7.770000000000000000e+02	1.113234051015337656e+01
7.780000000000000000e+02	1.112669550501785487e+01
7.790000000000000000e+02	1.109461646439817173e+01
7.800000000000000000e+02	1.107233476382544701e+01
7.810000000000000000e+02	1.106318768084006621e+01
7.820000000000000000e+02	1.105618192722917570e+01
7.830000000000000000e+02	1.107855827389377623e+01
7.840000000000000000e+02	1.109754277278077517e+01
7.850000000000000000e+02	1.112188308067512033e+01
7.860000000000000000e+02	1.116558720837723939e+01
7.870000000000000000e+02	1.119285501816913175e+01
7.880000000000000000e+02	1.120837155175261479e+01
7.890000000000000000e+02	1.121526850785361873e+01
7.900000000000000000e+02	1.119744322493871636e+01
7.910000000000000000e+02	1.118670906086131822e+01
7.920000000000000000e+02	1.116139731297761628e+01
7.930000000000000000e+02	1.116195210096780599e+01
7.940000000000000000e+02	1.116903584338908573e+01
7.950000000000000000e+02	1.116623499613897685e+01
7.960000000000000000e+02	1.119121917442502756e+01
7.970000000000000000e+02	1.121656888750407077e+01
7.980000000000000000e+02	1.120690280686715390e+01
7.990000000000000000e+02	1.121712040511367547e+01
8.000000000000000000e+02	1.123319468650917941e+01
8.010000000000000000e+02	1.122865337222176052e+01
8.020000000000000000e+02	1.122978199173116032e+01
8.030000000000000000e+02	1.123532933751418028e+01
8.040000000000000000e+02	1.125017581863875549e+01
8.050000000000000000e+02	1.124178302131065443e+01
8.060000000000000000e+02	1.123068728687687390e+01
8.070000000000000000e+02	1.122023749151910366e+01
8.080000000000000000e+02	1.123863878604557875e+01
8.090000000000000000e+02	1.125089335667595059e+01
8.100000000000000000e+02	1.126237016930214274e+01
8.110000000000000000e+02	1.126409508150124950e+01
8.120000000000000000e+02	1.127642811097696729e+01
8.130000000000000000e+02	1.126701028356648848e+01
8.140000000000000000e+02	1.129625309062555161e+01
8.150000000000000000e+02	1.130073715838649129e+01
8.160000000000000000e+02	1.131340116252528283e+01
8.170000000000000000e+02	1.131977568529893929e+01
8.180000000000000000e+02	1.130341356244472095e+01
8.190000000000000000e+02	1.129636024940919192e+01
8.200000000000000000e+02	1.130206708140653404e+01
8.210000000000000000e+02	1.132236872147944773e+01
8.220000000000000000e+02	1.130330746487364380e+01
8.230000000000000000e+02	1.131563129253855848e+01
8.240000000000000000e+02	1.131800540913299713e+01
8.250000000000000000e+02	1.133175084400095933e+01
8.260000000000000000e+02	1.130093234692561310e+01
8.270000000000000000e+02	1.130261981710899555e+01
8.280000000000000000e+02	1.134964078980228486e+01
8.290000000000000000e+02	1.132887360650859421e+01
8.300000000000000000e+02	1.134044327949888320e+01
8.310000000000000000e+02	1.132228194559295886e+01
8.320000000000000000e+02	1.133440083589709424e+01
8.330000000000000000e+02	1.135344348028721306e+01
8.340000000000000000e+02	1.136668241572451699e+01
8.350000000000000000e+02	1.133482308165549668e+01
8.360000000000000000e+02	1.137579192770927961e+01
8.370000000000000000e+02	1.135063791867822580e+01
8.380000000000000000e+02	1.132501362558894620e+01
8.390000000000000000e+02	1.133037078999397451e+01
8.400000000000000000e+02	1.135905713998040767e+01
8.410000000000000000e+02	1.137714123794015997e+01
8.420000000000000000e+02	1.136934968067257579e+01
8.430000000000000000e+02	1.138499393401710869e+01
8.440000000000000000e+02	1.140394922928717136e+01
8.450000000000000000e+02	1.139031586765082338e+01
8.460000000000000000e+02	1.138517959638510746e+01
8.470000000000000000e+02	1.136124293350275671e+01
8.480000000000000000e+02	1.134286069020402898e+01
8.490000000000000000e+02	1.135947175186251279e+01
8.500000000000000000e+02	1.136147472845856399e+01
8.510000000000000000e+02	1.137073557383893885e+01
8.520000000000000000e+02	1.138230293767441204e+01
8.530000000000000000e+02	1.138182489309286183e+01
8.540000000000000000e+02	1.138295362713769876e+01
8.550000000000000000e+02	1.138374414145447489e+01
8.560000000000000000e+02	1.140715478216348089e+01
8.570000000000000000e+02	1.143277612885460570e+01
8.580000000000000000e+02	1.141065855798081508e+01
8.590000000000000000e+02	1.142039778296342689e+01
8.600000000000000000e+02	1.142525806573013725e+01
8.610000000000000000e+02	1.145467057707951497e+01
8.620000000000000000e+02	1.145359870321809659e+01
8.630000000000000000e+02	1.142417302078836272e+01
8.640000000000000000e+02	1.143608261251799618e+01
8.650000000000000000e+02	1.144577024189838887e+01
8.660000000000000000e+02	1.145855344909955953e+01
8.670000000000000000e+02	1.146734178884714694e+01
8.680000000000000000e+02	1.147829715683756291e+01
8.690000000000000000e+02	1.147966635747512676e+01
8.700000000000000000e+02	1.145844509846726744e+01
8.710000000000000000e+02	1.147514760935038680e+01
8.720000000000000000e+02	1.150051745850509910e+01
8.730000000000000000e+02	1.149875178396893638e+01
8.740000000000000000e+02	1.151160079640554557e+01
8.750000000000000000e+02	1.150921280566499227e+01
8.760000000000000000e+02	1.151787164304858457e+01
8.770000000000000000e+02	1.149940921951894701e+01
8.780000000000000000e+02	1.150384510680291861e+01
8.790000000000000000e+02	1.150480737912216078e+01
8.800000000000000000e+02	1.153050554705449748e+01
8.810000000000000000e+02	1.152229295533344278e+01
8.820000000000000000e+02	1.152907779142180722e+01
8.830000000000000000e+02	1.149561339879826782e+01
8.840000000000000000e+02	1.147752414050959224e+01
8.850000000000000000e+02	1.147538045062228917e+01
8.860000000000000000e+02	1.147677788401933086e+01
8.870000000000000000e+02	1.149354829295710090e+01
8.880000000000000000e+02	1.148975033262198409e+01
8.890000000000000000e+02	1.148975417774047258e+01
8.900000000000000000e+02	1.151078915093710009e+01
8.910000000000000000e+02	1.152119881111720190e+01
8.920000000000000000e+02	1.151296920378524291e+01
8.930000000000000000e+02	1.152408919686358679e+01
8.940000000000000000e+02	1.152676995379556324e+01
8.950000000000000000e+02	1.153279575862065442e+01
8.960000000000000000e+02	1.154038990802748010e+01
8.970000000000000000e+02	1.151033998089108223e+01
8.980000000000000000e+02	1.151734740593797390e+01
8.990000000000000000e+02	1.152565007352124127e+01
9.000000000000000000e+02	1.152045098630961562e+01
9.010000000000000000e+02	1.150083222035459940e+01
9.020000000000000000e+02	1.148149090120535476e+01
9.030000000000000000e+02	1.149934051741236907e+01
9.040000000000000000e+02	1.151841916852566783e+01
9.050000000000000000e+02	1.151536272927196691e+01
9.060000000000000000e+02	1.151052428606823241e+01
9.070000000000000000e+02	1.150097045593784628e+01
9.080000000000000000e+02	1.150276210958788781e+01
9.090000000000000000e+02	1.148749665309111556e+01
9.100000000000000000e+02	1.150241296346906417e+01
9.110000000000000000e+02	1.153801016433898852e+01
9.120000000000000000e+02	1.154694258595880463e+01
9.130000000000000000e+02	1.152557510490714243e+01
9.140000000000000000e+02	1.153315591499976733e+01
9.150000000000000000e+02	1.158777951546715812e+01
9.160000000000000000e+02	1.158907718043148094e+01
9.170000000000000000e+02	1.158796636314770367e+01
9.180000000000000000e+02	1.158814134734607038e+01
9.190000000000000000e+02	1.157574423354025939e+01
9.200000000000000000e+02	1.158182309593020776e+01
9.210000000000000000e+02	1.158633416492893176e+01
9.220000000000000000e+02	1.159104910312062664e+01
9.230000000000000000e+02	1.157692640611080037e+01
9.240000000000000000e+02	1.157434377407915704e+01
9.250000000000000000e+02	1.156747775519403021e+01
9.260000000000000000e+02	1.158300986025520629e+01
9.270000000000000000e+02	1.158962476184755630e+01
9.280000000000000000e+02	1.160297112901990246e+01
9.290000000000000000e+02	1.159587235490703172e+01
9.300000000000000000e+02	1.158122611706850869e+01
9.310000000000000000e+02	1.157751542997630700e+01
9.320000000000000000e+02	1.158854353143915361e+01
9.330000000000000000e+02	1.157277427065122311e+01
9.340000000000000000e+02	1.160720627578811559e+01
9.350000000000000000e+02	1.160748260274616150e+01
9.360000000000000000e+02	1.161159338713505385e+01
9.370000000000000000e+02	1.161375831461028518e+01
9.380000000000000000e+02	1.165005728618652014e+01
9.390000000000000000e+02	1.164468105916482266e+01
9.400000000000000000e+02	1.163758728558729061e+01
9.410000000000000000e+02	1.164522709506396936e+01
9.420000000000000000e+02	1.163307339578422450e+01
9.430000000000000000e+02	1.162244510016872745e+01
9.440000000000000000e+02	1.161431812405820985e+01
9.450000000000000000e+02	1.162875587115056142e+01
9.460000000000000000e+02	1.163033010438783599e+01
9.470000000000000000e+02	1.162254885914298086e+01
9.480000000000000000e+02	1.160908350630582042e+01
9.490000000000000000e+02	1.163306429369169415e+01
9.500000000000000000e+02	1.163768431590468211e+01
9.510000000000000000e+02	1.166605041758177208e+01
9.520000000000000000e+02	1.166992720493388802e+01
9.530000000000000000e+02	1.166262813192096459e+01
9.540000000000000000e+02	1.166473676837813755e+01
9.550000000000000000e+02	1.166262991758561007e+01
9.560000000000000000e+02	1.163087097287482052e+01
9.570000000000000000e+02	1.161732537469362114e+01
9.580000000000000000e+02	1.163294050990210771e+01
9.590000000000000000e+02	1.163159321449716188e+01
9.600000000000000000e+02	1.163155696065993006e+01
9.610000000000000000e+02	1.162612236470207350e+01
9.620000000000000000e+02	1.161853057630464647e+01
9.630000000000000000e+02	1.164399756789741858e+01
9.640000000000000000e+02	1.167549594441195104e+01
9.650000000000000000e+02	1.168505658461533514e+01
9.660000000000000000e+02	1.169032019137160638e+01
9.670000000000000000e+02	1.168369111199213251e+01
9.680000000000000000e+02	1.167752116983838206e+01
9.690000000000000000e+02	1.166610086201028906e+01
9.700000000000000000e+02	1.164910678162771873e+01
9.710000000000000000e+02	1.162108944120099530e+01
9.720000000000000000e+02	1.162545602480384410e+01
9.730000000000000000e+02	1.164209175755957126e+01
9.740000000000000000e+02	1.162025512857367815e+01
9.750000000000000000e+02	1.162518902444302427e+01
9.760000000000000000e+02	1.162906750747605500e+01
9.770000000000000000e+02	1.163943542061657155e+01
9.780000000000000000e+02	1.162728370624340712e+01
9.790000000000000000e+02	1.162375241169500661e+01
9.800000000000000000e+02	1.161441800170608829e+01
9.810000000000000000e+02	1.163464977836456882e+01
9.820000000000000000e+02	1.165695661310711628e+01
9.830000000000000000e+02	1.164977514829259420e+01
9.840000000000000000e+02	1.163302504094223622e+01
9.850000000000000000e+02	1.163248535540773965e+01
9.860000000000000000e+02	1.164055883521136536e+01
9.870000000000000000e+02	1.165566087212886615e+01
9.880000000000000000e+02	1.164871120502966662e+01
9.890000000000000000e+02	1.166357277506859447e+01
9.900000000000000000e+02	1.166689607614767255e+01
9.910000000000000000e+02	1.167791900965145224e+01
9.920000000000000000e+02	1.167328741849697593e+01
9.930000000000000000e+02	1.166438837834111553e+01
9.940000000000000000e+02	1.166601858608877151e+01
9.950000000000000000e+02	1.168006489737707021e+01
9.960000000000000000e+02	1.165468844371469181e+01
9.970000000000000000e+02	1.170589609538930986e+01
9.980000000000000000e+02	1.172416179870198860e+01
9.990000000000000000e+02	1.173891500312439184e+01
1.000000000000000000e+03	1.172401124310120935e+01
