-6.988413181999591828e+00
-4.700480365792416571e+00
-7.257002707092072846e+00
-5.075173815233826602e+00
-7.089243155027514121e+00
-5.438079308923195576e+00
-6.614725600203760436e+00
-5.135798437050262066e+00
-6.920671504248683270e+00
-4.304065093204170189e+00
-6.333279628139690587e+00
-6.198478716492307861e+00
-8.076515327552328927e+00
-7.392647520721623344e+00
-7.226936018493288927e+00
-6.875232087276576642e+00
-6.398594934535207557e+00
-6.661854740545311238e+00
-6.666956792429206580e+00
-6.525029657843462338e+00
-6.603943824600472468e+00
-6.222576268071368766e+00
-6.508769136971682023e+00
-5.620400865717149586e+00
-6.617402977974477629e+00
-5.533389488727520344e+00
-6.186208623900493642e+00
-5.361292165709425461e+00
-6.920671504248683270e+00
-5.030437921392435285e+00
-5.141663556502660271e+00
-6.965080345601406542e+00
-5.081404364984463129e+00
-8.452121194672523430e+00
-5.313205979041787153e+00
-6.766191714660350520e+00
-5.220355825078324408e+00
-6.823286122355686878e+00
-5.049856007249537093e+00
-6.997595982981926532e+00
-4.682131227124219919e+00
0.000000000000000000e+00
-6.054439346269370859e+00
-8.690474003558042781e+00
-5.891644211825771471e+00
-7.352441100243582994e+00
-6.102558594613569198e+00
-6.502790045915623374e+00
-6.583409222158764784e+00
-6.403574197934815082e+00
-6.617402977974477629e+00
-6.345636360828596167e+00
-6.297109319933935190e+00
-6.255750041753366908e+00
-5.641907070938113833e+00
-6.198478716492307861e+00
-6.082218910376446352e+00
-6.148468295917647097e+00
-5.762051382780176922e+00
-6.693323668269949067e+00
-6.669498089857879286e+00
-5.159055299214529100e+00
0.000000000000000000e+00
-4.158883083359671495e+00
0.000000000000000000e+00
-4.983606621708336348e+00
-6.628041376179533373e+00
-5.257495372027781499e+00
-7.037905963447181890e+00
-4.477336814478206861e+00
0.000000000000000000e+00
0.000000000000000000e+00
0.000000000000000000e+00
-4.736198448394495664e+00
0.000000000000000000e+00
-5.476463551931511020e+00
-7.070724107260276448e+00
-6.204557762568690293e+00
-6.542471960506804685e+00
-6.748759547491679278e+00
-6.018593214496234189e+00
-6.920671504248683270e+00
-6.077642243349034246e+00
-6.845879875264049730e+00
-5.942799375126701200e+00
-6.725033642166843073e+00
-5.736572297479192173e+00
-6.424869023905388055e+00
-6.073044534100405123e+00
-5.828945617610207464e+00
-6.513230110912306969e+00
0.000000000000000000e+00
0.000000000000000000e+00
0.000000000000000000e+00
0.000000000000000000e+00
0.000000000000000000e+00
-5.043425116919246776e+00
-6.853299093186078217e+00
-4.787491742782045812e+00
-8.419139250940849806e+00
-3.401197381662155461e+00
0.000000000000000000e+00
0.000000000000000000e+00
0.000000000000000000e+00
0.000000000000000000e+00
0.000000000000000000e+00
-5.966146739123692200e+00
-6.719013154385259590e+00
-6.349138991379797758e+00
-6.063785208687607842e+00
-6.866933284461882003e+00
-5.996452088619021126e+00
-7.279318835414620104e+00
-5.762051382780176922e+00
-8.216088098632315706e+00
-5.620400865717149586e+00
-7.111512116496156999e+00
-5.351858133476066648e+00
-6.285998094508864931e+00
-6.040254711277413868e+00
-7.404279118037267793e+00
-6.381816017406098496e+00
0.000000000000000000e+00
0.000000000000000000e+00
0.000000000000000000e+00
0.000000000000000000e+00
0.000000000000000000e+00
-4.700480365792416571e+00
-7.432483807917119378e+00
-4.304065093204170189e+00
0.000000000000000000e+00
0.000000000000000000e+00
0.000000000000000000e+00
0.000000000000000000e+00
0.000000000000000000e+00
-4.077537443905719705e+00
-8.369852603517529133e+00
-6.100318952020064245e+00
-6.297109319933935190e+00
-6.668228248417403137e+00
-6.013715156042802157e+00
-7.224753405767970982e+00
-5.476463551931511020e+00
0.000000000000000000e+00
-4.262679877041315457e+00
0.000000000000000000e+00
-5.062595033026966895e+00
-6.884486652042782318e+00
-5.049856007249537093e+00
-6.703188113240862833e+00
-6.948897222313312305e+00
-7.720461694599721980e+00
-5.187385805840754927e+00
0.000000000000000000e+00
0.000000000000000000e+00
0.000000000000000000e+00
0.000000000000000000e+00
0.000000000000000000e+00
-4.406719247264253347e+00
-7.366445148327598780e+00
-4.672828834461905778e+00
0.000000000000000000e+00
0.000000000000000000e+00
0.000000000000000000e+00
0.000000000000000000e+00
0.000000000000000000e+00
-5.283203728737988492e+00
-7.325148957955574858e+00
-6.124683390894205104e+00
-5.942799375126701200e+00
-6.961296045910167152e+00
-5.998936561946682566e+00
0.000000000000000000e+00
0.000000000000000000e+00
0.000000000000000000e+00
0.000000000000000000e+00
0.000000000000000000e+00
-5.198497031265826074e+00
-7.042286171939743156e+00
-6.291569139558320423e+00
-6.545349660334419895e+00
-6.842683282238422038e+00
0.000000000000000000e+00
0.000000000000000000e+00
0.000000000000000000e+00
0.000000000000000000e+00
0.000000000000000000e+00
0.000000000000000000e+00
0.000000000000000000e+00
-5.129898714923073477e+00
-6.948897222313312305e+00
-5.262690188904885602e+00
0.000000000000000000e+00
0.000000000000000000e+00
0.000000000000000000e+00
-4.418840607796598263e+00
-7.961021465883369785e+00
-6.006353159601732550e+00
-6.380122536899764718e+00
-6.152732694704104333e+00
-5.934894195619587975e+00
-8.028455164114252085e+00
-5.293304824724492263e+00
0.000000000000000000e+00
0.000000000000000000e+00
0.000000000000000000e+00
0.000000000000000000e+00
0.000000000000000000e+00
-6.186208623900493642e+00
-7.197435354096590743e+00
-7.559559496007699941e+00
-6.756932389247553239e+00
-5.209486152841421358e+00
0.000000000000000000e+00
-4.919980925828125073e+00
0.000000000000000000e+00
-4.700480365792416571e+00
0.000000000000000000e+00
-4.882801922586370580e+00
-6.911747300251674275e+00
-5.638354669333745406e+00
-6.874198495453294200e+00
-6.102558594613569198e+00
0.000000000000000000e+00
0.000000000000000000e+00
0.000000000000000000e+00
-5.991464547107981709e+00
-6.629363253437448478e+00
-5.843544417031360183e+00
-5.823045895483018874e+00
-6.852242569051878007e+00
-6.033086221798801496e+00
-8.469891918298223743e+00
-4.615120516841259679e+00
0.000000000000000000e+00
0.000000000000000000e+00
0.000000000000000000e+00
0.000000000000000000e+00
0.000000000000000000e+00
-6.388561405545630123e+00
-6.411818267709897157e+00
-5.690359454324060096e+00
-5.902633333401365867e+00
-6.086774726912306477e+00
-7.935945103353700958e+00
-6.035481432524756329e+00
-8.595079730073308610e+00
-6.354370040797350683e+00
-6.126869184114185352e+00
-5.529429087511423369e+00
-6.536691597591304692e+00
-6.196444127794520362e+00
-6.632001777395630349e+00
-5.602118820879701033e+00
0.000000000000000000e+00
-5.525452939131783481e+00
-6.835184586147301289e+00
-6.167516490888341529e+00
-5.855071922202427004e+00
-6.697034247666484141e+00
-5.513428746164982464e+00
-7.071573364211531931e+00
-5.918893854273146182e+00
0.000000000000000000e+00
0.000000000000000000e+00
0.000000000000000000e+00
0.000000000000000000e+00
0.000000000000000000e+00
0.000000000000000000e+00
0.000000000000000000e+00
-6.139884552226255288e+00
-5.746203190540152939e+00
-6.222576268071368766e+00
-5.849324779946859287e+00
-6.466144724237619101e+00
-7.547501682814966806e+00
-7.866338923046543918e+00
-6.356107660695891504e+00
-6.361302477572995606e+00
-6.385194398997725784e+00
-5.988961416889863720e+00
-6.163314804034641270e+00
-6.093569770045135670e+00
-6.599870499212836528e+00
-6.701960366002539971e+00
-6.520621127558696273e+00
-5.799092654460525686e+00
-6.246106765481562739e+00
-6.679599185844383058e+00
-5.303304908059075728e+00
-7.045776576879511310e+00
-5.517452896464707379e+00
-7.406103381237015171e+00
-5.497168225293202148e+00
0.000000000000000000e+00
-3.970291913552121965e+00
0.000000000000000000e+00
-4.369447852467021498e+00
0.000000000000000000e+00
-5.153291594497779293e+00
-5.023880520846276454e+00
-6.555356891810665054e+00
-5.424950017481402931e+00
-6.410174881966167248e+00
-5.624017506187338533e+00
0.000000000000000000e+00
-5.533389488727520344e+00
-7.705712823894427466e+00
-6.734591659972948285e+00
-6.907755278982136815e+00
-6.552507887034590084e+00
-6.059123195581796573e+00
-6.437751649736401127e+00
-6.834108738813838180e+00
-5.723585101952380683e+00
-6.364750756851910829e+00
-6.363028103540464997e+00
-6.543911845564791996e+00
-5.817111159963204159e+00
-6.741700694652054793e+00
-4.727387818712340817e+00
-7.393878290107755547e+00
-5.170483995038151370e+00
-7.754052639035757366e+00
-5.587248658400249646e+00
-8.451907724717607095e+00
-4.204692619390965724e+00
-8.369388996647842305e+00
-5.017279836814924288e+00
-6.685860947068359650e+00
-6.431331081933478799e+00
-4.919980925828125073e+00
-6.920671504248683270e+00
-5.370638028127662444e+00
0.000000000000000000e+00
0.000000000000000000e+00
0.000000000000000000e+00
-5.262690188904885602e+00
0.000000000000000000e+00
-6.089044875446846028e+00
-7.480992162869524620e+00
-6.620073206530356025e+00
-7.242082359256961865e+00
-5.726847747587196835e+00
-6.597145701886651281e+00
-5.631211781821365392e+00
-6.791221462726185543e+00
-6.135564891081738637e+00
-6.538139823767670222e+00
-5.342334251964810932e+00
-7.107425474110704577e+00
-5.075173815233826602e+00
-7.878155336503324335e+00
-5.147494476813452735e+00
-8.303752415563412370e+00
-5.087596335232383638e+00
-8.040768994367578415e+00
-4.836281906951477971e+00
-7.101675971619443750e+00
-5.231108616854586835e+00
-5.342334251964810932e+00
-6.324358962381310789e+00
-5.375278407684165316e+00
-8.415381925269553420e+00
-4.304065093204170189e+00
0.000000000000000000e+00
0.000000000000000000e+00
0.000000000000000000e+00
0.000000000000000000e+00
0.000000000000000000e+00
-5.049856007249537093e+00
0.000000000000000000e+00
-5.123963979403258762e+00
-7.893572073504902420e+00
-5.855071922202427004e+00
-7.145196134997171100e+00
-6.068425588244110713e+00
-6.760414691083427741e+00
-5.726847747587196835e+00
-6.870053411798125786e+00
-5.075173815233826602e+00
-7.599901959208498425e+00
-4.727387818712340817e+00
0.000000000000000000e+00
-3.970291913552121965e+00
-8.555451903533327851e+00
-5.342334251964810932e+00
-7.392647520721623344e+00
-5.117993812416755439e+00
-6.715383386334680793e+00
-6.263398262591623578e+00
-5.579729825986222025e+00
-6.814542897259958210e+00
-4.934473933130691492e+00
0.000000000000000000e+00
0.000000000000000000e+00
0.000000000000000000e+00
0.000000000000000000e+00
0.000000000000000000e+00
-1.609437912434100282e+00
0.000000000000000000e+00
0.000000000000000000e+00
0.000000000000000000e+00
-4.406719247264253347e+00
0.000000000000000000e+00
-5.638354669333745406e+00
-7.408530566894626190e+00
-5.886104031450155816e+00
-6.866933284461882003e+00
-5.361292165709425461e+00
-7.000334460275229986e+00
-5.288267030694535187e+00
0.000000000000000000e+00
0.000000000000000000e+00
0.000000000000000000e+00
-4.356708826689591696e+00
0.000000000000000000e+00
-4.990432586778736024e+00
-7.162397497355717846e+00
-5.204006687076795146e+00
-5.288267030694535187e+00
-6.511745329644727853e+00
-5.645446897643237705e+00
-7.050989447068045202e+00
-4.465908118654583703e+00
0.000000000000000000e+00
0.000000000000000000e+00
0.000000000000000000e+00
0.000000000000000000e+00
0.000000000000000000e+00
-1.791759469228054957e+00
0.000000000000000000e+00
0.000000000000000000e+00
0.000000000000000000e+00
0.000000000000000000e+00
0.000000000000000000e+00
-5.590986980510856519e+00
-7.231287004327615620e+00
-5.793013608384144142e+00
-6.487684018484610071e+00
-5.710427017374869685e+00
-8.056426767522983923e+00
-4.094344562222100414e+00
0.000000000000000000e+00
0.000000000000000000e+00
0.000000000000000000e+00
0.000000000000000000e+00
0.000000000000000000e+00
-5.579729825986222025e+00
-6.625392368007956279e+00
-6.390240667065349989e+00
-5.762051382780176922e+00
-6.634633357861686065e+00
-4.927253685157205076e+00
-7.167809184316443982e+00
-4.836281906951477971e+00
0.000000000000000000e+00
0.000000000000000000e+00
0.000000000000000000e+00
-2.079441541679835748e+00
0.000000000000000000e+00
0.000000000000000000e+00
0.000000000000000000e+00
0.000000000000000000e+00
0.000000000000000000e+00
-4.290459441148390951e+00
-8.289037098278482674e+00
-5.814130531825066228e+00
-6.562444093693719616e+00
-5.743003187809482490e+00
-6.927557906278316580e+00
-5.762051382780176922e+00
0.000000000000000000e+00
0.000000000000000000e+00
0.000000000000000000e+00
0.000000000000000000e+00
0.000000000000000000e+00
-4.394449154672439128e+00
-8.178077463849607653e+00
-5.529429087511423369e+00
-5.398162701517752460e+00
-6.359573868672377728e+00
-5.652489180268650770e+00
-6.809039306042979689e+00
-5.003946305945459194e+00
-6.936342735834049478e+00
-5.433722003554239954e+00
0.000000000000000000e+00
0.000000000000000000e+00
0.000000000000000000e+00
-4.418840607796598263e+00
0.000000000000000000e+00
0.000000000000000000e+00
0.000000000000000000e+00
0.000000000000000000e+00
0.000000000000000000e+00
-5.411646051855039552e+00
-7.271703706887367780e+00
-5.389071729816500955e+00
-6.406879986069314192e+00
-5.736572297479192173e+00
-7.453561871643373138e+00
-5.370638028127662444e+00
0.000000000000000000e+00
0.000000000000000000e+00
0.000000000000000000e+00
0.000000000000000000e+00
0.000000000000000000e+00
-5.176149732573828821e+00
-7.419979923661834675e+00
-6.507277712385011625e+00
-5.332718793265368795e+00
-6.421622267806517570e+00
-5.683579767338681421e+00
-6.583409222158764784e+00
-5.111987788356543660e+00
-6.951772164398911436e+00
-5.942799375126701200e+00
0.000000000000000000e+00
-4.844187086458591196e+00
-7.863651265448651451e+00
-5.105945473900580289e+00
0.000000000000000000e+00
0.000000000000000000e+00
0.000000000000000000e+00
-4.653960350157523074e+00
-7.890208213109961122e+00
-5.283203728737988492e+00
-6.376726947898626818e+00
-5.517452896464707379e+00
-7.038783541388541565e+00
-5.808142489980443912e+00
-7.381501894506707018e+00
-5.620400865717149586e+00
0.000000000000000000e+00
0.000000000000000000e+00
0.000000000000000000e+00
-4.709530201312333908e+00
-7.726212650507529034e+00
-5.793013608384144142e+00
-5.817111159963204159e+00
-6.049733455231957713e+00
-5.808142489980443912e+00
-6.190315405853147546e+00
-5.379897353540459726e+00
-6.605297920948201451e+00
-5.852202479774474497e+00
-7.117205503164344194e+00
-6.028278520230697879e+00
-7.504942068396171173e+00
-5.288267030694535187e+00
-7.327123292259292597e+00
-5.081404364984463129e+00
0.000000000000000000e+00
0.000000000000000000e+00
0.000000000000000000e+00
-5.416100402204420128e+00
-6.469250316795772449e+00
-5.147494476813452735e+00
-6.741700694652054793e+00
-5.886104031450155816e+00
-6.884486652042782318e+00
-5.720311776607411858e+00
-6.953684210870537008e+00
-5.624017506187338533e+00
0.000000000000000000e+00
0.000000000000000000e+00
0.000000000000000000e+00
-5.958424693029781949e+00
-6.082218910376446352e+00
-5.713732805509368795e+00
-6.091309882077697857e+00
-5.771441123130015782e+00
-6.282266746896006282e+00
-6.375024819828096767e+00
-6.222576268071368766e+00
-6.562444093693719616e+00
-6.317164686747283930e+00
-6.572282542694007468e+00
-5.655991810819852361e+00
-7.226936018493288927e+00
-5.129898714923073477e+00
-7.126890808898807883e+00
-4.394449154672439128e+00
0.000000000000000000e+00
-4.875197323201151178e+00
-7.079184394609668196e+00
-5.424950017481402931e+00
-6.818924065275520974e+00
-5.690359454324060096e+00
-6.601230118728876661e+00
-6.025865973825314192e+00
-6.423246963533519427e+00
-5.568344503761096576e+00
-7.066466970136957571e+00
-6.056784013228624808e+00
0.000000000000000000e+00
-5.771441123130015782e+00
-6.246106765481562739e+00
-6.322565239927284253e+00
-6.733401891837359265e+00
-5.393627546352361968e+00
-6.672032945461067399e+00
-6.269096283706261374e+00
-7.512617544674510484e+00
-6.115892125483034292e+00
-6.551080335043404368e+00
-6.142037405587355892e+00
-5.463831805025610500e+00
-6.393590753950631367e+00
-5.141663556502660271e+00
-7.338888133838879391e+00
-4.382026634673881205e+00
-7.197435354096590743e+00
-5.365976015021851175e+00
-7.468513271496337147e+00
-5.075173815233826602e+00
-7.163172390846642479e+00
-5.598421958998375025e+00
-6.542471960506804685e+00
-6.171700597410914924e+00
-6.383506634884005493e+00
-6.210600077024652776e+00
-6.799055862058795974e+00
-6.364750756851910829e+00
-6.916715020353608523e+00
-7.280697195384741249e+00
-6.146329257668897483e+00
-5.837730447165939474e+00
-6.120297418950950252e+00
-6.042632833682381133e+00
-7.033506484287697091e+00
-5.393627546352361968e+00
0.000000000000000000e+00
-5.517452896464707379e+00
-8.018954683155717689e+00
-5.720311776607411858e+00
-6.028278520230697879e+00
-5.942799375126701200e+00
-5.411646051855039552e+00
-6.820016364674129861e+00
-4.634728988229635860e+00
-8.252446090246952082e+00
-4.406719247264253347e+00
-6.752270376141741970e+00
-5.993961427306569334e+00
-7.438971592395861698e+00
-5.017279836814924288e+00
-6.984716320118265820e+00
-6.086774726912306477e+00
-6.194405391104671921e+00
-6.618738983517219232e+00
-6.452048954437225703e+00
-7.698936199813447345e+00
-6.594413459749778106e+00
-7.256297239690680634e+00
-5.416100402204420128e+00
-6.833031732786200685e+00
-6.093569770045135670e+00
-6.131226489483140973e+00
-6.758094504427730520e+00
-5.575949103146315977e+00
0.000000000000000000e+00
0.000000000000000000e+00
0.000000000000000000e+00
-4.553876891600540766e+00
0.000000000000000000e+00
-5.796057750765371885e+00
-6.298949246855942263e+00
-6.350885716714739893e+00
-5.521460917862246021e+00
0.000000000000000000e+00
-4.624972813284270678e+00
-8.325790525886089810e+00
-5.451038453565700159e+00
-7.200424892944957023e+00
-5.894402834264850455e+00
-7.179307969504034048e+00
-5.257495372027781499e+00
-6.793466132580009642e+00
-6.597145701886651281e+00
-5.648974238161206252e+00
0.000000000000000000e+00
-4.736198448394495664e+00
0.000000000000000000e+00
-5.056245805348307698e+00
-7.087573705557972836e+00
-5.278114659230516814e+00
-6.439350371100098336e+00
-6.006353159601732550e+00
-5.950642552587726897e+00
-8.027150106832774412e+00
-4.663439094112066918e+00
0.000000000000000000e+00
0.000000000000000000e+00
0.000000000000000000e+00
0.000000000000000000e+00
0.000000000000000000e+00
-6.212606095751518787e+00
-6.502790045915623374e+00
0.000000000000000000e+00
0.000000000000000000e+00
0.000000000000000000e+00
-4.605170185988091802e+00
0.000000000000000000e+00
-5.513428746164982464e+00
-7.174724309836376435e+00
-5.710427017374869685e+00
-6.679599185844383058e+00
-5.831882477283516941e+00
-6.167516490888341529e+00
0.000000000000000000e+00
0.000000000000000000e+00
0.000000000000000000e+00
0.000000000000000000e+00
0.000000000000000000e+00
-5.356586274672012316e+00
-6.836259277277067170e+00
-5.308267697401205076e+00
-6.483107351457198853e+00
-7.250635511898679830e+00
-5.777652323222656428e+00
0.000000000000000000e+00
0.000000000000000000e+00
0.000000000000000000e+00
0.000000000000000000e+00
0.000000000000000000e+00
-4.553876891600540766e+00
-8.710289821378150776e+00
-8.386856689688233502e+00
-5.099866427824198745e+00
0.000000000000000000e+00
0.000000000000000000e+00
0.000000000000000000e+00
0.000000000000000000e+00
0.000000000000000000e+00
-5.934894195619587975e+00
-6.909753281644809952e+00
-5.645446897643237705e+00
-6.018593214496234189e+00
-7.355641102974253442e+00
-4.962844630259906964e+00
0.000000000000000000e+00
0.000000000000000000e+00
0.000000000000000000e+00
0.000000000000000000e+00
0.000000000000000000e+00
-5.389071729816500955e+00
-7.114769448366462967e+00
-5.075173815233826602e+00
-5.459585514144158935e+00
-7.304515946460155007e+00
-5.170483995038151370e+00
0.000000000000000000e+00
0.000000000000000000e+00
0.000000000000000000e+00
0.000000000000000000e+00
0.000000000000000000e+00
-6.238324625039507687e+00
-7.285506548522785231e+00
0.000000000000000000e+00
0.000000000000000000e+00
0.000000000000000000e+00
0.000000000000000000e+00
0.000000000000000000e+00
-4.682131227124219919e+00
-8.168769823675269492e+00
-5.886104031450155816e+00
-6.350885716714739893e+00
-6.336825731146441321e+00
-5.869296913133774218e+00
-8.219056661060598401e+00
-3.988984046564274522e+00
0.000000000000000000e+00
0.000000000000000000e+00
0.000000000000000000e+00
0.000000000000000000e+00
0.000000000000000000e+00
-4.770684624465665102e+00
-7.404887575616124984e+00
-7.071573364211531931e+00
-5.407171771460118848e+00
-7.289610521451167280e+00
-5.231108616854586835e+00
0.000000000000000000e+00
0.000000000000000000e+00
0.000000000000000000e+00
-5.176149732573828821e+00
-8.099250561796960568e+00
-6.896694331622712504e+00
-5.587248658400249646e+00
0.000000000000000000e+00
0.000000000000000000e+00
0.000000000000000000e+00
0.000000000000000000e+00
0.000000000000000000e+00
-5.707110264748875395e+00
-6.912742820493176232e+00
-6.161207321695076899e+00
-5.758901773877280306e+00
-7.159291904797564499e+00
-5.817111159963204159e+00
0.000000000000000000e+00
0.000000000000000000e+00
0.000000000000000000e+00
0.000000000000000000e+00
0.000000000000000000e+00
0.000000000000000000e+00
0.000000000000000000e+00
-5.220355825078324408e+00
-5.043425116919246776e+00
-6.818924065275520974e+00
-5.283203728737988492e+00
-7.207859871432475529e+00
-5.225746673713201673e+00
0.000000000000000000e+00
0.000000000000000000e+00
0.000000000000000000e+00
-6.095824562432224702e+00
-6.146329257668897483e+00
-6.352629396319566801e+00
-5.648974238161206252e+00
0.000000000000000000e+00
0.000000000000000000e+00
0.000000000000000000e+00
-4.465908118654583703e+00
-8.147288258706623765e+00
-6.523562306149512047e+00
-6.182084906716632133e+00
-6.825460036255306839e+00
-5.783825182329737302e+00
-7.443663683115590679e+00
-5.257495372027781499e+00
0.000000000000000000e+00
-4.653960350157523074e+00
0.000000000000000000e+00
-4.406719247264253347e+00
0.000000000000000000e+00
-4.844187086458591196e+00
-7.424761761823209127e+00
-7.081708586105574632e+00
-4.983606621708336348e+00
-6.371611847231856807e+00
-4.962844630259906964e+00
-7.140453043101158137e+00
-4.262679877041315457e+00
0.000000000000000000e+00
-4.882801922586370580e+00
-6.302618975744905150e+00
-5.583496308781699113e+00
-6.082218910376446352e+00
-6.432940092739179327e+00
-5.141663556502660271e+00
0.000000000000000000e+00
0.000000000000000000e+00
0.000000000000000000e+00
-6.202535517187922842e+00
-6.872128101338986106e+00
-6.363028103540464997e+00
-5.988961416889863720e+00
-7.072421900537371187e+00
-5.717027701406221851e+00
-7.356918242356020876e+00
-5.723585101952380683e+00
-8.225235324101667800e+00
-5.303304908059075728e+00
-8.525558107747865932e+00
-5.361292165709425461e+00
-7.244227515603349765e+00
-4.634728988229635860e+00
-4.736198448394495664e+00
-6.984716320118265820e+00
-4.852030263919616893e+00
-6.668228248417403137e+00
-4.875197323201151178e+00
-7.352441100243582994e+00
-5.433722003554239954e+00
-6.916715020353608523e+00
-4.595119850134589790e+00
-6.184148890937483323e+00
-5.370638028127662444e+00
-5.996452088619021126e+00
-7.124478262493424197e+00
-6.526494859570790119e+00
0.000000000000000000e+00
-5.802118375377062875e+00
-7.023758954738442917e+00
-6.601230118728876661e+00
-6.545349660334419895e+00
-6.711740395056179587e+00
-6.030685260261263281e+00
-6.830874234646179488e+00
-5.910796644040527070e+00
-7.023758954738442917e+00
-5.733341276897745864e+00
-7.250635511898679830e+00
-5.638354669333745406e+00
-7.139660335964920002e+00
-4.955827057601260854e+00
-7.048386408721882823e+00
