-6.395261598115449253e+00
-6.470799503782601825e+00
-6.684611727667927106e+00
-6.408528791059498353e+00
-6.685860947068359650e+00
-6.532334292222349070e+00
-7.660114319173928266e+00
-6.040254711277413868e+00
-6.682108597449809118e+00
-5.288267030694535187e+00
-7.017506142941256186e+00
-5.777652323222656428e+00
-7.003974136722679766e+00
-5.389071729816500955e+00
-7.207859871432475529e+00
-4.615120516841259679e+00
-7.370860166536716385e+00
-5.609471795184959753e+00
-7.781555959235340048e+00
-4.912654885736052357e+00
-7.140453043101158137e+00
-6.634633357861686065e+00
-6.391917113392602268e+00
0.000000000000000000e+00
-5.241747015059642578e+00
0.000000000000000000e+00
-7.249215057114389182e+00
-7.395721608602045194e+00
-6.177944114050600177e+00
-6.476972362889682699e+00
-6.569481420414295947e+00
-6.428105272684596194e+00
-6.413458957167357255e+00
-6.703188113240862833e+00
-5.609471795184959753e+00
0.000000000000000000e+00
-4.948759890378168436e+00
-8.041734711487537268e+00
-5.634789603169249261e+00
-7.400009517162692063e+00
-5.141663556502660271e+00
-7.955425088912671860e+00
-5.398162701517752460e+00
-7.452402451223638202e+00
-4.905274778438429628e+00
-7.308542797539190339e+00
-5.389071729816500955e+00
-7.050122520269058946e+00
-5.652489180268650770e+00
-7.064759027791802204e+00
-5.220355825078324408e+00
-6.699500340161677947e+00
0.000000000000000000e+00
0.000000000000000000e+00
0.000000000000000000e+00
0.000000000000000000e+00
0.000000000000000000e+00
-5.624017506187338533e+00
-7.334329350300536454e+00
-5.837730447165939474e+00
-5.676753802268281746e+00
-6.605297920948201451e+00
-7.021976423072159967e+00
-5.505331535932362463e+00
0.000000000000000000e+00
0.000000000000000000e+00
0.000000000000000000e+00
-4.836281906951477971e+00
0.000000000000000000e+00
-4.488636369732139642e+00
-8.050384453067021440e+00
-5.030437921392435285e+00
0.000000000000000000e+00
-4.248495242049359355e+00
-8.199738960630785556e+00
-5.468060141135131502e+00
-7.422373700986823586e+00
-5.843544417031360183e+00
-6.877296071497428720e+00
-5.609471795184959753e+00
-6.624065227799893485e+00
-6.690842277418563633e+00
-4.787491742782045812e+00
0.000000000000000000e+00
0.000000000000000000e+00
0.000000000000000000e+00
0.000000000000000000e+00
0.000000000000000000e+00
-5.153291594497779293e+00
-7.174724309836376435e+00
-6.852242569051878007e+00
-6.093569770045135670e+00
-5.641907070938113833e+00
-8.458079926923730341e+00
-4.189654742026425183e+00
0.000000000000000000e+00
0.000000000000000000e+00
0.000000000000000000e+00
0.000000000000000000e+00
0.000000000000000000e+00
-4.804021044733256751e+00
0.000000000000000000e+00
0.000000000000000000e+00
0.000000000000000000e+00
-4.094344562222100414e+00
0.000000000000000000e+00
-5.529429087511423369e+00
-7.484930283289661368e+00
-6.124683390894205104e+00
-6.656726524178391280e+00
-6.182084906716632133e+00
-5.743003187809482490e+00
-7.738923757439456708e+00
-4.262679877041315457e+00
0.000000000000000000e+00
0.000000000000000000e+00
0.000000000000000000e+00
0.000000000000000000e+00
0.000000000000000000e+00
-5.420534999272286214e+00
-6.023447592961033159e+00
-5.762051382780176922e+00
-6.628041376179533373e+00
-5.267858159063328216e+00
0.000000000000000000e+00
0.000000000000000000e+00
0.000000000000000000e+00
0.000000000000000000e+00
0.000000000000000000e+00
-3.091042453358316067e+00
-8.887652690325586136e+00
-3.044522437723423014e+00
0.000000000000000000e+00
0.000000000000000000e+00
0.000000000000000000e+00
0.000000000000000000e+00
0.000000000000000000e+00
-5.950642552587726897e+00
-6.941190055068374498e+00
-6.115892125483034292e+00
-5.762051382780176922e+00
-6.683360945766274597e+00
-5.942799375126701200e+00
0.000000000000000000e+00
0.000000000000000000e+00
0.000000000000000000e+00
0.000000000000000000e+00
0.000000000000000000e+00
0.000000000000000000e+00
0.000000000000000000e+00
-6.594413459749778106e+00
-6.182084906716632133e+00
-5.645446897643237705e+00
-7.118826249062077949e+00
-4.934473933130691492e+00
0.000000000000000000e+00
0.000000000000000000e+00
0.000000000000000000e+00
0.000000000000000000e+00
0.000000000000000000e+00
-3.912023005428145961e+00
0.000000000000000000e+00
0.000000000000000000e+00
0.000000000000000000e+00
0.000000000000000000e+00
0.000000000000000000e+00
-4.510859506516849748e+00
-8.006700845440366976e+00
-5.786897381366707727e+00
-5.921578419643815927e+00
-6.489204931325317283e+00
-5.823045895483018874e+00
-7.228388451573604101e+00
-5.062595033026966895e+00
0.000000000000000000e+00
-4.189654742026425183e+00
0.000000000000000000e+00
-4.262679877041315457e+00
0.000000000000000000e+00
-5.283203728737988492e+00
-5.525452939131783481e+00
-6.517671272912274993e+00
-6.548219102762372401e+00
-5.043425116919246776e+00
-6.955592608396297116e+00
-5.187385805840754927e+00
0.000000000000000000e+00
0.000000000000000000e+00
0.000000000000000000e+00
-2.833213344056216165e+00
-8.704336438489406191e+00
-4.521788577049040470e+00
0.000000000000000000e+00
0.000000000000000000e+00
0.000000000000000000e+00
0.000000000000000000e+00
0.000000000000000000e+00
-5.762051382780176922e+00
-6.903747257584598174e+00
-5.793013608384144142e+00
-5.402677381872279305e+00
-6.935370446015109991e+00
-5.488937726156686736e+00
-7.120444372392487509e+00
-5.257495372027781499e+00
-8.247220052745229069e+00
-5.010635294096255521e+00
-8.583542571957771372e+00
-5.525452939131783481e+00
-6.962243464266206772e+00
-6.588926477533519233e+00
-5.921578419643815927e+00
-6.061456918928016968e+00
-6.401917196727185733e+00
-5.267858159063328216e+00
-6.766191714660350520e+00
-5.087596335232383638e+00
0.000000000000000000e+00
0.000000000000000000e+00
0.000000000000000000e+00
-4.634728988229635860e+00
-8.012349639327794648e+00
-4.317488113536310124e+00
0.000000000000000000e+00
0.000000000000000000e+00
0.000000000000000000e+00
-4.672828834461905778e+00
-7.621195162809844881e+00
-5.866468056933296538e+00
-5.736572297479192173e+00
-6.242223265455165482e+00
-5.241747015059642578e+00
-6.555356891810665054e+00
-5.594711379601839063e+00
-6.705639094860003091e+00
-5.313205979041787153e+00
-7.714231144849085453e+00
-5.545177444479562290e+00
-7.244941546337006599e+00
-5.560681631015527593e+00
-5.683579767338681421e+00
-6.068425588244110713e+00
-5.820082930352361572e+00
-6.086774726912306477e+00
-6.347389209656010500e+00
-5.429345628954441061e+00
-6.660575149839686127e+00
-5.796057750765371885e+00
0.000000000000000000e+00
-4.700480365792416571e+00
-7.556427969440252745e+00
-4.787491742782045812e+00
-7.521317980199239805e+00
-4.727387818712340817e+00
0.000000000000000000e+00
0.000000000000000000e+00
0.000000000000000000e+00
-6.091309882077697857e+00
-6.228511003591183481e+00
-5.932245187448010881e+00
-5.303304908059075728e+00
-6.624065227799893485e+00
-5.468060141135131502e+00
-6.300785794663243955e+00
-5.365976015021851175e+00
-6.711740395056179587e+00
-5.225746673713201673e+00
-6.988413181999591828e+00
-5.267858159063328216e+00
-6.848005274576363099e+00
-6.882437470997847306e+00
-5.220355825078324408e+00
-6.037870919922137425e+00
-5.831882477283516941e+00
-6.198478716492307861e+00
-6.371611847231856807e+00
-6.028278520230697879e+00
-6.839476438228842881e+00
-5.843544417031360183e+00
-7.220373836723949168e+00
-4.644390899141372486e+00
-7.251344983372214337e+00
-4.276666119016055312e+00
-6.984716320118265820e+00
-4.990432586778736024e+00
0.000000000000000000e+00
-4.990432586778736024e+00
-7.074116816197362212e+00
-6.021023349349526654e+00
-5.886104031450155816e+00
-6.289715570908997577e+00
-5.393627546352361968e+00
-6.760414691083427741e+00
-5.733341276897745864e+00
-6.785587645007929325e+00
-5.393627546352361968e+00
-6.878326468291325213e+00
-4.875197323201151178e+00
-6.792344427470808910e+00
-4.852030263919616893e+00
-5.075173815233826602e+00
-7.083387847625295386e+00
-5.752572638825633078e+00
-6.419994928147142232e+00
-6.173786103901936606e+00
-6.495265555937008273e+00
-6.204557762568690293e+00
-6.634633357861686065e+00
-6.063785208687607842e+00
-4.852030263919616893e+00
-7.065613363597717189e+00
-4.543294782270003829e+00
-7.245655067594535481e+00
-4.736198448394495664e+00
-6.967909201801884223e+00
-5.634789603169249261e+00
-7.452982329465459799e+00
-5.170483995038151370e+00
-6.543911845564791996e+00
-5.968707559985365840e+00
-5.700443573390686858e+00
-6.632001777395630349e+00
-5.389071729816500955e+00
-8.052614818815566622e+00
-5.755742213586912293e+00
-7.109879463072271477e+00
-5.278114659230516814e+00
-7.413970290190444068e+00
-4.454347296253507338e+00
-7.123672785204607116e+00
-7.315883504509785418e+00
-5.690359454324060096e+00
-8.005033344637110915e+00
-5.880532986400700324e+00
-6.822197390620490687e+00
-5.991464547107981709e+00
-6.725033642166843073e+00
-5.590986980510856519e+00
-6.059123195581796573e+00
-6.093569770045135670e+00
-4.962844630259906964e+00
-7.034387929915503435e+00
-4.406719247264253347e+00
-7.657755271134865538e+00
-5.529429087511423369e+00
-6.897704943128635691e+00
-5.463831805025610500e+00
-6.971668604725789642e+00
-5.010635294096255521e+00
-6.495265555937008273e+00
-6.208590026096628911e+00
-5.605802066295997754e+00
0.000000000000000000e+00
-4.343805421853684123e+00
0.000000000000000000e+00
-5.549076084895220085e+00
-7.202661196523237663e+00
-4.779123493111529619e+00
-7.527793987721444147e+00
-4.736198448394495664e+00
-5.017279836814924288e+00
0.000000000000000000e+00
-4.912654885736052357e+00
0.000000000000000000e+00
-5.755742213586912293e+00
-7.070724107260276448e+00
-5.198497031265826074e+00
-6.424869023905388055e+00
-5.777652323222656428e+00
-5.932245187448010881e+00
-6.356107660695891504e+00
-4.969813299576000709e+00
-7.428927194802271927e+00
-5.220355825078324408e+00
-8.494129251817685855e+00
-5.081404364984463129e+00
-6.907755278982136815e+00
-5.036952602413629521e+00
-6.421622267806517570e+00
-5.204006687076795146e+00
-6.838405200847343934e+00
0.000000000000000000e+00
0.000000000000000000e+00
0.000000000000000000e+00
0.000000000000000000e+00
0.000000000000000000e+00
-5.023880520846276454e+00
-7.454719949364000620e+00
-4.762173934797756303e+00
-7.878155336503324335e+00
0.000000000000000000e+00
0.000000000000000000e+00
0.000000000000000000e+00
0.000000000000000000e+00
0.000000000000000000e+00
-4.875197323201151178e+00
-7.083387847625295386e+00
-5.398162701517752460e+00
-6.586171654854674706e+00
-5.805134968916488170e+00
-5.707110264748875395e+00
-7.058758152518664453e+00
-4.867534450455582196e+00
0.000000000000000000e+00
-4.304065093204170189e+00
0.000000000000000000e+00
-5.049856007249537093e+00
-6.937314081223681761e+00
-5.384495062789088848e+00
-6.510258340523149556e+00
-6.884486652042782318e+00
-6.378426183651586534e+00
0.000000000000000000e+00
0.000000000000000000e+00
0.000000000000000000e+00
0.000000000000000000e+00
0.000000000000000000e+00
-4.418840607796598263e+00
-7.666690200080085837e+00
-4.595119850134589790e+00
-4.394449154672439128e+00
0.000000000000000000e+00
0.000000000000000000e+00
0.000000000000000000e+00
0.000000000000000000e+00
0.000000000000000000e+00
-5.198497031265826074e+00
-7.195937226475568771e+00
-5.634789603169249261e+00
-6.200509174042689864e+00
-6.361302477572995606e+00
-5.549076084895220085e+00
0.000000000000000000e+00
0.000000000000000000e+00
0.000000000000000000e+00
0.000000000000000000e+00
0.000000000000000000e+00
-5.267858159063328216e+00
-7.014814351275544979e+00
-6.720220155135295137e+00
-6.916715020353608523e+00
-7.620214770574454732e+00
-5.198497031265826074e+00
0.000000000000000000e+00
0.000000000000000000e+00
0.000000000000000000e+00
0.000000000000000000e+00
0.000000000000000000e+00
-4.330733340286331057e+00
-8.240385115516334125e+00
-8.333991247194974861e+00
-4.442651256490316669e+00
0.000000000000000000e+00
0.000000000000000000e+00
0.000000000000000000e+00
0.000000000000000000e+00
0.000000000000000000e+00
-5.247024072160486163e+00
-6.920671504248683270e+00
-5.916202062607434975e+00
-5.480638923341991209e+00
-7.790696031174737968e+00
-4.543294782270003829e+00
0.000000000000000000e+00
0.000000000000000000e+00
0.000000000000000000e+00
0.000000000000000000e+00
0.000000000000000000e+00
-6.340359303727751694e+00
-6.948897222313312305e+00
-6.786716950605081067e+00
-7.041411663794810316e+00
0.000000000000000000e+00
0.000000000000000000e+00
0.000000000000000000e+00
0.000000000000000000e+00
0.000000000000000000e+00
0.000000000000000000e+00
0.000000000000000000e+00
-5.267858159063328216e+00
-5.662960480135946106e+00
0.000000000000000000e+00
0.000000000000000000e+00
0.000000000000000000e+00
0.000000000000000000e+00
0.000000000000000000e+00
0.000000000000000000e+00
0.000000000000000000e+00
-5.905361848054570650e+00
-5.866468056933296538e+00
-6.551080335043404368e+00
-5.375278407684165316e+00
-8.235095497258356545e+00
-4.077537443905719705e+00
0.000000000000000000e+00
0.000000000000000000e+00
0.000000000000000000e+00
0.000000000000000000e+00
0.000000000000000000e+00
-6.352629396319566801e+00
-7.072421900537371187e+00
-7.316548177182975898e+00
-5.267858159063328216e+00
0.000000000000000000e+00
-4.317488113536310124e+00
0.000000000000000000e+00
-4.356708826689591696e+00
0.000000000000000000e+00
-4.787491742782045812e+00
-8.028781162487147682e+00
-7.819234453859070122e+00
-4.762173934797756303e+00
0.000000000000000000e+00
-4.430816798843313364e+00
0.000000000000000000e+00
-4.158883083359671495e+00
0.000000000000000000e+00
-4.990432586778736024e+00
-6.861711340480730392e+00
-6.154858094016417702e+00
-5.192956850890210418e+00
-6.658011045870748212e+00
-5.337538079701317884e+00
0.000000000000000000e+00
0.000000000000000000e+00
0.000000000000000000e+00
0.000000000000000000e+00
0.000000000000000000e+00
0.000000000000000000e+00
0.000000000000000000e+00
-6.775366090936391750e+00
-5.497168225293202148e+00
-6.853299093186078217e+00
-5.583496308781699113e+00
-8.117610746466228377e+00
-5.043425116919246776e+00
-8.508757712595135914e+00
-5.225746673713201673e+00
-7.571988449377440311e+00
-4.882801922586370580e+00
-4.779123493111529619e+00
-7.615298339825814722e+00
-5.407171771460118848e+00
-7.922261058353247343e+00
-5.313205979041787153e+00
-8.091321273530409641e+00
-5.209486152841421358e+00
-7.138073034044347231e+00
-5.429345628954441061e+00
-5.823045895483018874e+00
-6.272877006546167422e+00
-5.318119993844216076e+00
-6.921658184151128879e+00
-4.844187086458591196e+00
0.000000000000000000e+00
-4.290459441148390951e+00
0.000000000000000000e+00
-4.290459441148390951e+00
0.000000000000000000e+00
-5.141663556502660271e+00
-6.154858094016417702e+00
-6.255750041753366908e+00
-5.743003187809482490e+00
-6.315358001522334952e+00
-5.765191102784844368e+00
-7.240649694255465896e+00
-5.541263545158425785e+00
-7.191429330036378964e+00
-5.187385805840754927e+00
-7.085064293952547665e+00
-7.149131598557406875e+00
-5.099866427824198745e+00
-7.195187320178709101e+00
-5.337538079701317884e+00
-7.073269717459710115e+00
-5.342334251964810932e+00
-7.004881989712859358e+00
-5.198497031265826074e+00
-6.467698726104353923e+00
-5.337538079701317884e+00
-5.686975356339820209e+00
-6.709304340258298360e+00
-5.420534999272286214e+00
-7.095893221097531622e+00
-5.036952602413629521e+00
-8.121480374750751352e+00
-4.934473933130691492e+00
-8.283999304248526485e+00
-5.023880520846276454e+00
-6.746412128573374467e+00
-4.997212273764114698e+00
-6.542471960506804685e+00
-5.598421958998375025e+00
-5.693732138802699794e+00
-6.075346031088684207e+00
-5.525452939131783481e+00
-6.156978985585555009e+00
-5.602118820879701033e+00
-6.830874234646179488e+00
-4.653960350157523074e+00
-5.379897353540459726e+00
-6.760414691083427741e+00
-5.036952602413629521e+00
-7.153051634937479974e+00
-4.897839799950911122e+00
-6.946975992135418387e+00
-5.164785973923514462e+00
-6.990256500493880587e+00
-4.962844630259906964e+00
-6.208590026096628911e+00
-5.902633333401365867e+00
-5.429345628954441061e+00
-7.008505182082280349e+00
-5.796057750765371885e+00
-7.094234845924755284e+00
-5.062595033026966895e+00
-7.995643604287271167e+00
-4.543294782270003829e+00
-7.023758954738442917e+00
-5.429345628954441061e+00
-6.978213742630698491e+00
-4.521788577049040470e+00
-6.827629234502851752e+00
-5.472270673671475016e+00
-6.315358001522334952e+00
-5.840641657373398132e+00
-6.224558429275360183e+00
-5.894402834264850455e+00
-5.488937726156686736e+00
-6.871091294610545575e+00
-6.539585955617669200e+00
-5.529429087511423369e+00
-6.915723448631314163e+00
-5.318119993844216076e+00
-7.919356190660616690e+00
-5.327876168789581257e+00
-7.180831199044555468e+00
-4.890349128221753716e+00
-6.688354713946761620e+00
-5.420534999272286214e+00
-5.616771097666571677e+00
-6.263398262591623578e+00
-5.620400865717149586e+00
-7.221105098182495574e+00
-5.598421958998375025e+00
-7.897296472595884964e+00
-4.663439094112066918e+00
-7.113956109566034414e+00
-5.198497031265826074e+00
-7.255591274253665013e+00
-4.727387818712340817e+00
-7.145984467714387556e+00
-4.882801922586370580e+00
-7.285506548522785231e+00
-5.379897353540459726e+00
-7.615298339825814722e+00
-5.602118820879701033e+00
-6.388561405545630123e+00
-6.259581464064923217e+00
-6.180016653652572245e+00
-6.295266001439646431e+00
-6.959398512133975423e+00
-5.537334267018536593e+00
0.000000000000000000e+00
-4.553876891600540766e+00
0.000000000000000000e+00
-5.043425116919246776e+00
-7.242082359256961865e+00
-5.170483995038151370e+00
-6.107022887742254547e+00
-5.690359454324060096e+00
-5.811140992976700836e+00
-6.493753839851685861e+00
-5.164785973923514462e+00
0.000000000000000000e+00
-4.624972813284270678e+00
-7.846589975291186292e+00
-5.407171771460118848e+00
-7.087573705557972836e+00
-4.709530201312333908e+00
-7.104965448269842554e+00
-4.941642422609303864e+00
-7.372746366404328455e+00
-4.615120516841259679e+00
0.000000000000000000e+00
-4.564348191467836102e+00
-8.135053908611569184e+00
-5.793013608384144142e+00
-6.754604099487962365e+00
-6.001414877961150474e+00
-6.291569139558320423e+00
-6.447305862541212740e+00
0.000000000000000000e+00
0.000000000000000000e+00
0.000000000000000000e+00
0.000000000000000000e+00
0.000000000000000000e+00
-5.164785973923514462e+00
-6.973543019520140440e+00
-5.262690188904885602e+00
-6.139884552226255288e+00
-5.929589143389894623e+00
-6.037870919922137425e+00
0.000000000000000000e+00
0.000000000000000000e+00
0.000000000000000000e+00
-4.584967478670572305e+00
0.000000000000000000e+00
-5.192956850890210418e+00
-6.864847777970860321e+00
-5.159055299214529100e+00
-7.328437352895162071e+00
-4.990432586778736024e+00
0.000000000000000000e+00
0.000000000000000000e+00
0.000000000000000000e+00
-4.290459441148390951e+00
0.000000000000000000e+00
-5.170483995038151370e+00
-6.432940092739179327e+00
-6.632001777395630349e+00
-7.448333860897475844e+00
-5.105945473900580289e+00
0.000000000000000000e+00
0.000000000000000000e+00
0.000000000000000000e+00
0.000000000000000000e+00
0.000000000000000000e+00
-5.501258210544727412e+00
-7.023758954738442917e+00
-5.365976015021851175e+00
-6.669498089857879286e+00
-8.172729104865471328e+00
-4.317488113536310124e+00
0.000000000000000000e+00
0.000000000000000000e+00
0.000000000000000000e+00
0.000000000000000000e+00
0.000000000000000000e+00
-5.805134968916488170e+00
-6.804614520062624017e+00
-5.252273428046629888e+00
-8.547916364059078731e+00
-4.672828834461905778e+00
0.000000000000000000e+00
0.000000000000000000e+00
0.000000000000000000e+00
0.000000000000000000e+00
0.000000000000000000e+00
-5.442417710521793239e+00
-6.352629396319566801e+00
-5.831882477283516941e+00
-7.987184748233472575e+00
-5.036952602413629521e+00
0.000000000000000000e+00
0.000000000000000000e+00
0.000000000000000000e+00
0.000000000000000000e+00
0.000000000000000000e+00
-5.181783550292085039e+00
-7.148345743900067717e+00
-7.102499355774648748e+00
-5.777652323222656428e+00
0.000000000000000000e+00
0.000000000000000000e+00
0.000000000000000000e+00
0.000000000000000000e+00
0.000000000000000000e+00
-4.779123493111529619e+00
-7.937731775260108869e+00
-5.272999558563746803e+00
-7.003065458786461583e+00
-5.613128106388070471e+00
0.000000000000000000e+00
0.000000000000000000e+00
0.000000000000000000e+00
0.000000000000000000e+00
0.000000000000000000e+00
-4.094344562222100414e+00
-8.350429973538135542e+00
-6.678342114654332029e+00
-6.320768294250582287e+00
-5.877735781779638735e+00
0.000000000000000000e+00
0.000000000000000000e+00
0.000000000000000000e+00
0.000000000000000000e+00
0.000000000000000000e+00
0.000000000000000000e+00
0.000000000000000000e+00
-6.712956200677069774e+00
-5.948034989180645660e+00
-7.431891916807799703e+00
-5.337538079701317884e+00
0.000000000000000000e+00
0.000000000000000000e+00
0.000000000000000000e+00
0.000000000000000000e+00
0.000000000000000000e+00
-5.683579767338681421e+00
-7.386470848829894464e+00
-5.442417710521793239e+00
-6.680854678790215218e+00
-5.831882477283516941e+00
0.000000000000000000e+00
0.000000000000000000e+00
0.000000000000000000e+00
0.000000000000000000e+00
0.000000000000000000e+00
-5.283203728737988492e+00
-6.218600119691728878e+00
-6.448889394146857690e+00
-6.932447891572508958e+00
-5.298317366548036311e+00
0.000000000000000000e+00
-4.852030263919616893e+00
0.000000000000000000e+00
-4.718498871295094155e+00
0.000000000000000000e+00
-6.040254711277413868e+00
-6.576469569048223995e+00
-7.225481472782294468e+00
-5.662960480135946106e+00
-7.439559309133319864e+00
-5.370638028127662444e+00
0.000000000000000000e+00
0.000000000000000000e+00
0.000000000000000000e+00
-5.068904202220231525e+00
-8.010027528481733938e+00
-5.958424693029781949e+00
-6.572282542694007468e+00
-5.905361848054570650e+00
-7.008505182082280349e+00
-5.036952602413629521e+00
0.000000000000000000e+00
0.000000000000000000e+00
0.000000000000000000e+00
-4.248495242049359355e+00
-7.779048644925556033e+00
-6.680854678790215218e+00
-6.508769136971682023e+00
-6.356107660695891504e+00
-7.029087564149661738e+00
-6.159095388491932610e+00
-7.961718815981364550e+00
-5.505331535932362463e+00
-7.427738840532893683e+00
-6.597145701886651281e+00
-6.440946540632920936e+00
-6.445719819385578475e+00
-6.028278520230697879e+00
-6.801283034471619970e+00
-5.375278407684165316e+00
-7.325148957955574858e+00
-5.204006687076795146e+00
0.000000000000000000e+00
0.000000000000000000e+00
0.000000000000000000e+00
-6.232448016550522496e+00
-7.177018765909900289e+00
-5.877735781779638735e+00
-6.979145275068810328e+00
-5.998936561946682566e+00
-7.501082124259871087e+00
-6.754604099487962365e+00
0.000000000000000000e+00
0.000000000000000000e+00
0.000000000000000000e+00
-6.035481432524756329e+00
-6.350885716714739893e+00
-6.593044534142436852e+00
-6.633318433280376958e+00
-6.572282542694007468e+00
-6.910750787961935870e+00
-6.538139823767670222e+00
-7.122059881629142275e+00
-6.541029999189903243e+00
-5.416100402204420128e+00
-6.753437918597779976e+00
-6.054439346269370859e+00
-6.428105272684596194e+00
-5.505331535932362463e+00
-6.993932975223189352e+00
-5.093750200806762329e+00
-7.317876198626495743e+00
-4.795790545596741339e+00
0.000000000000000000e+00
-4.553876891600540766e+00
-7.825245291431774497e+00
-6.131226489483140973e+00
-6.778784897685176780e+00
-6.432940092739179327e+00
-6.817830571454149613e+00
-7.906915488678587067e+00
-7.307872780763705833e+00
-7.266128779556450645e+00
0.000000000000000000e+00
-5.820082930352361572e+00
-6.682108597449809118e+00
