-5.075173815233826602e+00
-6.632001777395630349e+00
-5.937536205082426299e+00
-7.252053951852814428e+00
-5.402677381872279305e+00
-6.745236349484362570e+00
-6.037870919922137425e+00
-6.850126166145500406e+00
-5.808142489980443912e+00
-6.896694331622712504e+00
-6.086774726912306477e+00
-6.705639094860003091e+00
-6.688354713946761620e+00
-7.776954403322442033e+00
-6.502790045915623374e+00
-7.986164860332727322e+00
-7.217443431696533018e+00
-6.530877627725884871e+00
-6.068425588244110713e+00
-6.376726947898626818e+00
-6.249975242259482755e+00
-5.971261839790462211e+00
-6.063785208687607842e+00
0.000000000000000000e+00
-4.595119850134589790e+00
-8.304247465078473667e+00
-6.054439346269370859e+00
-5.697093486505404591e+00
-5.484796933490654780e+00
-6.761572768804055222e+00
-7.085064293952547665e+00
-4.762173934797756303e+00
0.000000000000000000e+00
-4.859812404361671945e+00
-8.211754397375196746e+00
-5.602118820879701033e+00
-7.080026499922590588e+00
-5.283203728737988492e+00
-6.915723448631314163e+00
-5.552959584921617342e+00
-6.931471805599453084e+00
-6.610696044717759179e+00
-6.297109319933935190e+00
-7.080026499922590588e+00
-6.591673732008658249e+00
0.000000000000000000e+00
-5.262690188904885602e+00
-8.175266104112060006e+00
-6.510258340523149556e+00
-6.244166900663736364e+00
-6.190315405853147546e+00
-6.529418838262225577e+00
0.000000000000000000e+00
0.000000000000000000e+00
0.000000000000000000e+00
-4.510859506516849748e+00
0.000000000000000000e+00
-5.010635294096255521e+00
-6.679599185844383058e+00
-5.493061443340548244e+00
-4.927253685157205076e+00
0.000000000000000000e+00
0.000000000000000000e+00
0.000000000000000000e+00
-4.025351690735149646e+00
0.000000000000000000e+00
-5.043425116919246776e+00
-7.205635176410363663e+00
-5.420534999272286214e+00
-7.067319848653475844e+00
-5.529429087511423369e+00
-6.361302477572995606e+00
-6.712956200677069774e+00
-5.913503005638269805e+00
0.000000000000000000e+00
0.000000000000000000e+00
0.000000000000000000e+00
-4.744932128363250179e+00
0.000000000000000000e+00
-5.313205979041787153e+00
-6.804614520062624017e+00
-8.070906088787818788e+00
-5.043425116919246776e+00
0.000000000000000000e+00
0.000000000000000000e+00
0.000000000000000000e+00
0.000000000000000000e+00
0.000000000000000000e+00
-5.164785973923514462e+00
-7.268223021159565533e+00
-8.367300101841619764e+00
-3.806662489770319624e+00
0.000000000000000000e+00
0.000000000000000000e+00
0.000000000000000000e+00
0.000000000000000000e+00
0.000000000000000000e+00
-5.384495062789088848e+00
-7.190676034332207145e+00
-5.533389488727520344e+00
-6.647688373563329201e+00
-5.533389488727520344e+00
-6.291569139558320423e+00
-8.269244521183056307e+00
-4.330733340286331057e+00
0.000000000000000000e+00
0.000000000000000000e+00
0.000000000000000000e+00
0.000000000000000000e+00
0.000000000000000000e+00
-6.502790045915623374e+00
-6.186208623900493642e+00
0.000000000000000000e+00
0.000000000000000000e+00
0.000000000000000000e+00
0.000000000000000000e+00
0.000000000000000000e+00
-4.219507705176106960e+00
-8.287528423111762521e+00
-5.272999558563746803e+00
-5.043425116919246776e+00
0.000000000000000000e+00
0.000000000000000000e+00
0.000000000000000000e+00
0.000000000000000000e+00
0.000000000000000000e+00
-4.595119850134589790e+00
-8.367067732838599170e+00
-5.849324779946859287e+00
-6.759255270663692805e+00
-5.863631175598096767e+00
-6.421622267806517570e+00
-6.784457062637643254e+00
-5.852202479774474497e+00
0.000000000000000000e+00
0.000000000000000000e+00
0.000000000000000000e+00
0.000000000000000000e+00
0.000000000000000000e+00
-4.442651256490316669e+00
-7.725771441587951927e+00
-7.390181428226429539e+00
-5.533389488727520344e+00
0.000000000000000000e+00
0.000000000000000000e+00
0.000000000000000000e+00
0.000000000000000000e+00
0.000000000000000000e+00
-4.644390899141372486e+00
-7.956827122090111004e+00
-7.339537695407674533e+00
-4.934473933130691492e+00
0.000000000000000000e+00
0.000000000000000000e+00
0.000000000000000000e+00
0.000000000000000000e+00
0.000000000000000000e+00
-5.252273428046629888e+00
-7.482118923552115497e+00
-5.808142489980443912e+00
-6.263398262591623578e+00
-6.643789733147672294e+00
-6.175867270105761087e+00
-7.017506142941256186e+00
-5.484796933490654780e+00
0.000000000000000000e+00
0.000000000000000000e+00
0.000000000000000000e+00
0.000000000000000000e+00
0.000000000000000000e+00
-6.568077911411975833e+00
-6.327936783729194659e+00
-7.293697720601437950e+00
-5.605802066295997754e+00
0.000000000000000000e+00
0.000000000000000000e+00
0.000000000000000000e+00
-3.951243718581427533e+00
-8.479906606630221333e+00
-4.844187086458591196e+00
-4.521788577049040470e+00
-6.976348070447748739e+00
-4.969813299576000709e+00
0.000000000000000000e+00
0.000000000000000000e+00
0.000000000000000000e+00
-4.574710978503382819e+00
-8.497602541651232855e+00
-6.152732694704104333e+00
-6.666956792429206580e+00
-5.926926025970410628e+00
-5.814130531825066228e+00
-7.054449658132940115e+00
-5.814130531825066228e+00
-6.962243464266206772e+00
-5.641907070938113833e+00
0.000000000000000000e+00
0.000000000000000000e+00
0.000000000000000000e+00
-5.087596335232383638e+00
-7.867488568699128493e+00
-7.005789019253502836e+00
-5.874930730852030436e+00
-6.988413181999591828e+00
-5.662960480135946106e+00
0.000000000000000000e+00
0.000000000000000000e+00
0.000000000000000000e+00
-5.099866427824198745e+00
-7.247792581767845910e+00
-6.863803391452954372e+00
-4.836281906951477971e+00
-6.930494765951626057e+00
-4.969813299576000709e+00
0.000000000000000000e+00
0.000000000000000000e+00
0.000000000000000000e+00
-5.891644211825771471e+00
-7.138073034044347231e+00
-5.616771097666571677e+00
-6.363028103540464997e+00
-6.501289670540389309e+00
-5.752572638825633078e+00
-6.963189985870237741e+00
-5.700443573390686858e+00
-7.088408778675394650e+00
-5.693732138802699794e+00
0.000000000000000000e+00
0.000000000000000000e+00
0.000000000000000000e+00
-6.255750041753366908e+00
-6.610696044717759179e+00
-6.551080335043404368e+00
-5.820082930352361572e+00
-7.342131730584721794e+00
-5.505331535932362463e+00
0.000000000000000000e+00
-4.787491742782045812e+00
-7.158513997329320588e+00
-5.010635294096255521e+00
-5.187385805840754927e+00
-6.700731109547810149e+00
-4.934473933130691492e+00
-7.027314514039776583e+00
-4.770684624465665102e+00
0.000000000000000000e+00
-5.545177444479562290e+00
-7.078341579557671182e+00
-5.703782474656200918e+00
-6.790097235513904650e+00
-6.224558429275360183e+00
-6.436150368369427888e+00
-6.679599185844383058e+00
-5.932245187448010881e+00
-6.805722553416985399e+00
-5.634789603169249261e+00
-7.015712420487229650e+00
-5.105945473900580289e+00
0.000000000000000000e+00
-5.283203728737988492e+00
-7.028201432058004627e+00
-6.315358001522334952e+00
-6.562444093693719616e+00
-6.513230110912306969e+00
-5.872117789475415961e+00
-7.372746366404328455e+00
-6.257667587882639104e+00
-6.576469569048223995e+00
-4.919980925828125073e+00
-6.722629794855448537e+00
-6.226536669287465742e+00
-5.313205979041787153e+00
-6.661854740545311238e+00
-5.308267697401205076e+00
-7.020190708311925043e+00
-6.077642243349034246e+00
-7.078341579557671182e+00
-5.662960480135946106e+00
-6.899723107284872370e+00
-6.210600077024652776e+00
-6.806829360392176120e+00
-6.371611847231856807e+00
-6.593044534142436852e+00
-6.508769136971682023e+00
-6.202535517187922842e+00
-6.570882962339584132e+00
-5.468060141135131502e+00
-7.097548850614792570e+00
-6.167516490888341529e+00
-6.815639990074330967e+00
-5.905361848054570650e+00
-6.902742737158592767e+00
-6.251903883165888409e+00
-6.700731109547810149e+00
-6.967909201801884223e+00
-6.354370040797350683e+00
-5.393627546352361968e+00
-5.897153867636740543e+00
-6.159095388491932610e+00
-5.081404364984463129e+00
-5.505331535932362463e+00
-6.056784013228624808e+00
-5.416100402204420128e+00
-6.727431724850855055e+00
-6.049733455231957713e+00
-5.991464547107981709e+00
-6.171700597410914924e+00
-6.826545223556593989e+00
-6.171700597410914924e+00
-6.599870499212836528e+00
-6.396929655216146315e+00
-6.823286122355686878e+00
-6.559615237493241935e+00
-6.747586526829315368e+00
-6.510258340523149556e+00
-6.269096283706261374e+00
-6.249975242259482755e+00
-6.638567789166520683e+00
-5.874930730852030436e+00
-6.274762021241938825e+00
-6.825460036255306839e+00
-5.913503005638269805e+00
-6.864847777970860321e+00
-6.259581464064923217e+00
-8.012018239159061750e+00
-5.017279836814924288e+00
-6.403574197934815082e+00
-5.288267030694535187e+00
-6.224558429275360183e+00
-5.375278407684165316e+00
-5.666426688112432331e+00
-5.866468056933296538e+00
-5.831882477283516941e+00
-5.840641657373398132e+00
-6.047372179046277552e+00
-6.230481447578481990e+00
-5.966146739123692200e+00
-6.484635235635251682e+00
-6.614725600203760436e+00
-6.398594934535207557e+00
-6.484635235635251682e+00
-6.426488457457690373e+00
-6.925595197110467893e+00
-6.324358962381310789e+00
-7.082548569355299861e+00
-6.472346294500900932e+00
-7.710205194432532494e+00
-5.673323267171492823e+00
-6.527957917622550177e+00
-5.998936561946682566e+00
-6.309918278226516186e+00
-6.770789423908979643e+00
-5.257495372027781499e+00
0.000000000000000000e+00
-4.204692619390965724e+00
-8.126518168780709317e+00
-5.525452939131783481e+00
-7.085064293952547665e+00
-4.787491742782045812e+00
-6.470799503782601825e+00
-6.694562058521094983e+00
-5.209486152841421358e+00
-6.156978985585555009e+00
-5.786897381366707727e+00
-6.797940412974930346e+00
-5.690359454324060096e+00
-6.722629794855448537e+00
-5.768320995793771999e+00
-6.680854678790215218e+00
-6.300785794663243955e+00
-6.421622267806517570e+00
-6.698268054115413150e+00
-6.315358001522334952e+00
-7.234177179749848641e+00
-5.736572297479192173e+00
0.000000000000000000e+00
-5.111987788356543660e+00
-8.283999304248526485e+00
-5.771441123130015782e+00
-6.751101468936759886e+00
-6.137727054086234091e+00
-6.150602768446279178e+00
0.000000000000000000e+00
0.000000000000000000e+00
0.000000000000000000e+00
-4.418840607796598263e+00
0.000000000000000000e+00
-4.779123493111529619e+00
-7.324489979348531854e+00
-5.062595033026966895e+00
-5.308267697401205076e+00
-6.781057625936179889e+00
-5.393627546352361968e+00
-7.902857191280581617e+00
-5.631211781821365392e+00
-7.266827347520591118e+00
-5.765191102784844368e+00
-7.058758152518664453e+00
-5.905361848054570650e+00
-6.682108597449809118e+00
-6.021023349349526654e+00
-6.349138991379797758e+00
-6.983789965258134558e+00
-6.023447592961033159e+00
0.000000000000000000e+00
0.000000000000000000e+00
0.000000000000000000e+00
-4.394449154672439128e+00
0.000000000000000000e+00
-5.267858159063328216e+00
-7.162397497355717846e+00
-7.829630389150192826e+00
-5.062595033026966895e+00
0.000000000000000000e+00
0.000000000000000000e+00
0.000000000000000000e+00
0.000000000000000000e+00
0.000000000000000000e+00
-4.905274778438429628e+00
-7.449498005382849009e+00
-7.301147805856031958e+00
-5.267858159063328216e+00
0.000000000000000000e+00
-4.127134385045091669e+00
0.000000000000000000e+00
-5.613128106388070471e+00
-7.286876411750699667e+00
-5.645446897643237705e+00
-7.080026499922590588e+00
-5.777652323222656428e+00
-6.670766320845873842e+00
-6.068425588244110713e+00
-6.276643489341644511e+00
-8.160518247477504872e+00
-4.406719247264253347e+00
0.000000000000000000e+00
0.000000000000000000e+00
0.000000000000000000e+00
0.000000000000000000e+00
0.000000000000000000e+00
-6.424869023905388055e+00
-6.811244378601293725e+00
0.000000000000000000e+00
0.000000000000000000e+00
0.000000000000000000e+00
0.000000000000000000e+00
0.000000000000000000e+00
-3.912023005428145961e+00
-8.435766192720508982e+00
-5.389071729816500955e+00
-5.181783550292085039e+00
0.000000000000000000e+00
0.000000000000000000e+00
0.000000000000000000e+00
0.000000000000000000e+00
0.000000000000000000e+00
-5.411646051855039552e+00
-7.305860032684009298e+00
-5.662960480135946106e+00
-6.981005740721729858e+00
-5.814130531825066228e+00
-6.030685260261263281e+00
-6.553933404025810816e+00
-5.564520407322693707e+00
0.000000000000000000e+00
0.000000000000000000e+00
0.000000000000000000e+00
0.000000000000000000e+00
0.000000000000000000e+00
-4.927253685157205076e+00
-8.166216268592142669e+00
-7.344719054149672743e+00
-5.973809611869261182e+00
0.000000000000000000e+00
0.000000000000000000e+00
0.000000000000000000e+00
0.000000000000000000e+00
0.000000000000000000e+00
-4.584967478670572305e+00
-7.771067086065405860e+00
-8.027150106832774412e+00
-4.941642422609303864e+00
0.000000000000000000e+00
0.000000000000000000e+00
0.000000000000000000e+00
0.000000000000000000e+00
0.000000000000000000e+00
-5.521460917862246021e+00
-7.260522598089852231e+00
-5.521460917862246021e+00
-6.646390514847729136e+00
-6.182084906716632133e+00
-5.480638923341991209e+00
-7.056175284100410394e+00
-4.875197323201151178e+00
0.000000000000000000e+00
0.000000000000000000e+00
0.000000000000000000e+00
0.000000000000000000e+00
0.000000000000000000e+00
-6.637258031284456905e+00
-6.767343125265392167e+00
-6.850126166145500406e+00
-5.272999558563746803e+00
0.000000000000000000e+00
0.000000000000000000e+00
0.000000000000000000e+00
-4.219507705176106960e+00
-8.246695943718556521e+00
-4.787491742782045812e+00
-4.934473933130691492e+00
-8.250881144700649372e+00
-4.077537443905719705e+00
0.000000000000000000e+00
0.000000000000000000e+00
0.000000000000000000e+00
0.000000000000000000e+00
0.000000000000000000e+00
-5.594711379601839063e+00
-7.205635176410363663e+00
-5.950642552587726897e+00
-5.777652323222656428e+00
-6.641182169740591057e+00
-5.236441962829949226e+00
-7.126890808898807883e+00
-5.056245805348307698e+00
0.000000000000000000e+00
0.000000000000000000e+00
0.000000000000000000e+00
-4.983606621708336348e+00
-7.527793987721444147e+00
-6.464588303689961180e+00
-5.556828061699537358e+00
-6.638567789166520683e+00
-5.141663556502660271e+00
0.000000000000000000e+00
0.000000000000000000e+00
0.000000000000000000e+00
-4.962844630259906964e+00
-7.763021309018517613e+00
-7.539027055823995127e+00
-5.111987788356543660e+00
0.000000000000000000e+00
0.000000000000000000e+00
0.000000000000000000e+00
0.000000000000000000e+00
0.000000000000000000e+00
0.000000000000000000e+00
0.000000000000000000e+00
-5.961005339623273613e+00
-6.075346031088684207e+00
-5.986452005284437661e+00
-5.429345628954441061e+00
-6.809039306042979689e+00
-5.446737371666309890e+00
-6.886531642530510311e+00
-5.446737371666309890e+00
0.000000000000000000e+00
0.000000000000000000e+00
0.000000000000000000e+00
-6.216606101084864555e+00
-5.857933154483458971e+00
-5.913503005638269805e+00
-5.375278407684165316e+00
-7.057036981697891065e+00
-4.488636369732139642e+00
0.000000000000000000e+00
-4.127134385045091669e+00
-7.794823152179389147e+00
-4.418840607796598263e+00
-4.804021044733256751e+00
-8.327000740241713217e+00
-4.406719247264253347e+00
0.000000000000000000e+00
-3.526360524616161563e+00
0.000000000000000000e+00
-4.110873864173311354e+00
0.000000000000000000e+00
-4.934473933130691492e+00
-6.959398512133975423e+00
-5.771441123130015782e+00
-5.796057750765371885e+00
-6.401917196727185733e+00
-5.521460917862246021e+00
-6.641182169740591057e+00
-5.811140992976700836e+00
-6.908754779315220418e+00
-5.545177444479562290e+00
0.000000000000000000e+00
-7.159291904797564499e+00
-6.787844982309579223e+00
-6.086774726912306477e+00
-5.575949103146315977e+00
-6.672032945461067399e+00
-4.820281565605037066e+00
-7.403670290012373201e+00
-4.897839799950911122e+00
-7.959974528080536516e+00
-3.871201010907891149e+00
-7.410347097821023965e+00
-8.087640287778983250e+00
-4.584967478670572305e+00
-8.915969311373604711e+00
-4.143134726391532574e+00
-8.238008249218403023e+00
-4.304065093204170189e+00
-8.198914444986989736e+00
-5.347107530717468471e+00
-7.305860032684009298e+00
-5.379897353540459726e+00
-6.222576268071368766e+00
-5.910796644040527070e+00
-5.934894195619587975e+00
-6.186208623900493642e+00
-5.529429087511423369e+00
-6.879355804460439039e+00
-5.655991810819852361e+00
-6.632001777395630349e+00
-6.621405651764134426e+00
-7.268920128193721908e+00
-7.547501682814966806e+00
-6.259581464064923217e+00
-7.003065458786461583e+00
-5.241747015059642578e+00
-7.314552832324079823e+00
-5.451038453565700159e+00
-7.444248649496705283e+00
-4.882801922586370580e+00
-7.563719668414366382e+00
-4.060443010546419096e+00
-4.094344562222100414e+00
0.000000000000000000e+00
-3.044522437723423014e+00
0.000000000000000000e+00
-3.401197381662155461e+00
-7.819636302367592329e+00
-4.477336814478206861e+00
-6.948897222313312305e+00
-5.332718793265368795e+00
-6.546785410760524115e+00
-5.472270673671475016e+00
-6.126869184114185352e+00
-5.755742213586912293e+00
-5.783825182329737302e+00
-6.937314081223681761e+00
-5.525452939131783481e+00
-6.854354502255021409e+00
-6.175867270105761087e+00
-5.505331535932362463e+00
-7.252762418053187332e+00
-6.990256500493880587e+00
0.000000000000000000e+00
-4.584967478670572305e+00
-8.024207485778577009e+00
-5.598421958998375025e+00
-7.586296307152720075e+00
-5.407171771460118848e+00
-7.035268599281097046e+00
-4.553876891600540766e+00
-7.909489492673759337e+00
0.000000000000000000e+00
0.000000000000000000e+00
0.000000000000000000e+00
0.000000000000000000e+00
0.000000000000000000e+00
-3.663561646129646299e+00
-7.109062135687172379e+00
-4.644390899141372486e+00
-6.003887067106538744e+00
-5.602118820879701033e+00
-6.238324625039507687e+00
-5.777652323222656428e+00
-5.910796644040527070e+00
-7.031741258763128499e+00
-5.476463551931511020e+00
-7.159291904797564499e+00
-5.225746673713201673e+00
-5.918893854273146182e+00
-6.434546518787453095e+00
-6.052089168924417173e+00
0.000000000000000000e+00
0.000000000000000000e+00
0.000000000000000000e+00
-4.343805421853684123e+00
0.000000000000000000e+00
-5.468060141135131502e+00
-7.353081920515432301e+00
-5.123963979403258762e+00
-7.113956109566034414e+00
-4.983606621708336348e+00
-4.343805421853684123e+00
0.000000000000000000e+00
0.000000000000000000e+00
0.000000000000000000e+00
0.000000000000000000e+00
0.000000000000000000e+00
-4.624972813284270678e+00
-6.687108607866514731e+00
-5.164785973923514462e+00
-5.587248658400249646e+00
-6.309918278226516186e+00
-5.488937726156686736e+00
-7.919356190660616690e+00
-5.620400865717149586e+00
-7.352441100243582994e+00
-5.389071729816500955e+00
-6.545349660334419895e+00
-5.318119993844216076e+00
-6.431331081933478799e+00
-7.768110378525988402e+00
-4.465908118654583703e+00
0.000000000000000000e+00
0.000000000000000000e+00
0.000000000000000000e+00
0.000000000000000000e+00
0.000000000000000000e+00
-5.743003187809482490e+00
-6.930494765951626057e+00
-4.779123493111529619e+00
-7.898782356970309060e+00
-8.147867129923946905e+00
-3.912023005428145961e+00
0.000000000000000000e+00
0.000000000000000000e+00
0.000000000000000000e+00
0.000000000000000000e+00
0.000000000000000000e+00
-5.043425116919246776e+00
-6.863803391452954372e+00
-6.335054251498059230e+00
-5.337538079701317884e+00
0.000000000000000000e+00
-4.174387269895636798e+00
0.000000000000000000e+00
-5.267858159063328216e+00
-7.105786129481271196e+00
-5.337538079701317884e+00
-6.635946555686646597e+00
-6.021023349349526654e+00
-6.450470422144175764e+00
0.000000000000000000e+00
0.000000000000000000e+00
0.000000000000000000e+00
0.000000000000000000e+00
0.000000000000000000e+00
-4.158883083359671495e+00
-8.084562415235303945e+00
-4.919980925828125073e+00
-6.932447891572508958e+00
-4.948759890378168436e+00
-5.153291594497779293e+00
0.000000000000000000e+00
0.000000000000000000e+00
0.000000000000000000e+00
0.000000000000000000e+00
0.000000000000000000e+00
0.000000000000000000e+00
0.000000000000000000e+00
-6.347389209656010500e+00
-6.045005314036012045e+00
0.000000000000000000e+00
0.000000000000000000e+00
0.000000000000000000e+00
0.000000000000000000e+00
0.000000000000000000e+00
-5.023880520846276454e+00
-7.128495945680036527e+00
-5.411646051855039552e+00
-6.782192056006791425e+00
-6.584791392385715980e+00
-5.874930730852030436e+00
0.000000000000000000e+00
0.000000000000000000e+00
0.000000000000000000e+00
0.000000000000000000e+00
0.000000000000000000e+00
-4.962844630259906964e+00
-7.536897129566169973e+00
-4.812184355372417066e+00
-6.448889394146857690e+00
-6.940222469119638582e+00
-5.332718793265368795e+00
0.000000000000000000e+00
-4.110873864173311354e+00
0.000000000000000000e+00
-4.234106504597259679e+00
0.000000000000000000e+00
-5.459585514144158935e+00
-7.254177846456517642e+00
-7.903965634032165788e+00
-4.584967478670572305e+00
0.000000000000000000e+00
0.000000000000000000e+00
0.000000000000000000e+00
0.000000000000000000e+00
0.000000000000000000e+00
-5.231108616854586835e+00
-7.333676395657684033e+00
-6.194405391104671921e+00
-6.406879986069314192e+00
-7.175489713624221721e+00
-5.361292165709425461e+00
0.000000000000000000e+00
0.000000000000000000e+00
0.000000000000000000e+00
-4.060443010546419096e+00
-8.184513753033721528e+00
-4.890349128221753716e+00
-6.171700597410914924e+00
-5.356586274672012316e+00
-5.424950017481402931e+00
-6.569481420414295947e+00
-5.370638028127662444e+00
-7.982757702011112677e+00
-4.934473933130691492e+00
-8.170468578330673637e+00
-6.093569770045135670e+00
-6.765038976780541446e+00
-6.401917196727185733e+00
-6.329720905522695951e+00
-8.296047642764699859e+00
-4.043051267834550266e+00
0.000000000000000000e+00
0.000000000000000000e+00
0.000000000000000000e+00
0.000000000000000000e+00
0.000000000000000000e+00
-5.971261839790462211e+00
-7.152268856032539368e+00
-6.865891074883438527e+00
-5.713732805509368795e+00
-7.229113877793301945e+00
-5.141663556502660271e+00
0.000000000000000000e+00
0.000000000000000000e+00
0.000000000000000000e+00
-4.890349128221753716e+00
-5.978885764901122002e+00
-5.525452939131783481e+00
-6.306275286948015868e+00
-5.929589143389894623e+00
-5.746203190540152939e+00
-6.107022887742254547e+00
-5.298317366548036311e+00
-7.013015789639630349e+00
-6.248042874508429101e+00
-6.576469569048223995e+00
-6.146329257668897483e+00
-6.285998094508864931e+00
-6.835184586147301289e+00
-6.035481432524756329e+00
0.000000000000000000e+00
0.000000000000000000e+00
0.000000000000000000e+00
0.000000000000000000e+00
0.000000000000000000e+00
0.000000000000000000e+00
0.000000000000000000e+00
-6.408528791059498353e+00
-5.998936561946682566e+00
-6.625392368007956279e+00
-5.828945617610207464e+00
-7.153051634937479974e+00
-5.493061443340548244e+00
0.000000000000000000e+00
-5.141663556502660271e+00
-5.937536205082426299e+00
-5.872117789475415961e+00
-5.771441123130015782e+00
-5.733341276897745864e+00
-6.212606095751518787e+00
-5.634789603169249261e+00
-5.814130531825066228e+00
-5.717027701406221851e+00
-6.253828811575472990e+00
-5.805134968916488170e+00
-6.244166900663736364e+00
-6.236369590203704405e+00
-6.822197390620490687e+00
-6.198478716492307861e+00
-6.767343125265392167e+00
-5.463831805025610500e+00
0.000000000000000000e+00
-5.017279836814924288e+00
0.000000000000000000e+00
-4.844187086458591196e+00
0.000000000000000000e+00
-5.257495372027781499e+00
-6.476972362889682699e+00
-6.361302477572995606e+00
-6.013715156042802157e+00
-6.331501849893690803e+00
-5.872117789475415961e+00
-6.830874234646179488e+00
-8.089789175789318776e+00
-6.021023349349526654e+00
-5.521460917862246021e+00
-5.905361848054570650e+00
-6.165417854231420414e+00
-5.159055299214529100e+00
