-4.605170185988091802e+00
-7.382124365737512406e+00
-4.543294782270003829e+00
-6.900730664045172880e+00
-5.370638028127662444e+00
-8.138564737261631876e+00
-4.976733742420574202e+00
-8.347116361038720456e+00
-5.225746673713201673e+00
-7.325148957955574858e+00
-5.579729825986222025e+00
-6.532334292222349070e+00
-6.954638864880987370e+00
-5.493061443340548244e+00
0.000000000000000000e+00
-4.584967478670572305e+00
-7.833996341709459799e+00
-5.501258210544727412e+00
-6.700731109547810149e+00
-6.159095388491932610e+00
-5.652489180268650770e+00
-6.650279048587422359e+00
-4.770684624465665102e+00
-7.317876198626495743e+00
-5.293304824724492263e+00
-7.846980982138788363e+00
-4.653960350157523074e+00
-7.416378479192927919e+00
-4.736198448394495664e+00
-7.261927092702751274e+00
-7.542213463193403022e+00
-4.025351690735149646e+00
-7.240649694255465896e+00
-4.927253685157205076e+00
-6.624065227799893485e+00
-5.159055299214529100e+00
-7.574045005372199491e+00
-5.187385805840754927e+00
-7.050122520269058946e+00
-5.262690188904885602e+00
-6.602587892189336394e+00
-5.913503005638269805e+00
-6.650279048587422359e+00
0.000000000000000000e+00
0.000000000000000000e+00
0.000000000000000000e+00
-3.951243718581427533e+00
0.000000000000000000e+00
-5.602118820879701033e+00
-6.502790045915623374e+00
-6.327936783729194659e+00
-5.624017506187338533e+00
-6.575075840599620136e+00
-5.214935757608985867e+00
-7.331714969726466080e+00
-5.003946305945459194e+00
-8.137103389639301909e+00
-4.700480365792416571e+00
-7.428927194802271927e+00
-4.521788577049040470e+00
-4.290459441148390951e+00
-7.392647520721623344e+00
-4.430816798843313364e+00
-7.330405211844402302e+00
-4.736198448394495664e+00
-6.793466132580009642e+00
-5.099866427824198745e+00
-6.964135612418244747e+00
-5.332718793265368795e+00
-6.835184586147301289e+00
-5.549076084895220085e+00
-6.403574197934815082e+00
-7.251344983372214337e+00
-4.890349128221753716e+00
0.000000000000000000e+00
0.000000000000000000e+00
0.000000000000000000e+00
0.000000000000000000e+00
0.000000000000000000e+00
-5.455321115357701700e+00
-6.228511003591183481e+00
-6.021023349349526654e+00
-5.365976015021851175e+00
-7.019296653715044521e+00
-5.398162701517752460e+00
0.000000000000000000e+00
-4.744932128363250179e+00
-8.257644958208228303e+00
-4.890349128221753716e+00
-7.790282380703483334e+00
-7.805474625270856670e+00
-4.682131227124219919e+00
-7.791522819150731749e+00
-5.159055299214529100e+00
-8.214194414852563852e+00
-5.062595033026966895e+00
-6.863803391452954372e+00
-5.313205979041787153e+00
-6.935370446015109991e+00
-5.327876168789581257e+00
-6.340359303727751694e+00
-6.033086221798801496e+00
-6.424869023905388055e+00
0.000000000000000000e+00
0.000000000000000000e+00
0.000000000000000000e+00
0.000000000000000000e+00
0.000000000000000000e+00
-4.158883083359671495e+00
-7.821643126239981925e+00
-5.030437921392435285e+00
-5.541263545158425785e+00
-6.317164686747283930e+00
-5.594711379601839063e+00
0.000000000000000000e+00
0.000000000000000000e+00
0.000000000000000000e+00
-4.094344562222100414e+00
0.000000000000000000e+00
-4.356708826689591696e+00
-5.099866427824198745e+00
-8.089789175789318776e+00
-4.812184355372417066e+00
0.000000000000000000e+00
-4.574710978503382819e+00
0.000000000000000000e+00
-5.509388336627977445e+00
-7.211556733313801537e+00
-5.416100402204420128e+00
-6.610696044717759179e+00
-5.545177444479562290e+00
-6.061456918928016968e+00
-6.628041376179533373e+00
-5.407171771460118848e+00
0.000000000000000000e+00
0.000000000000000000e+00
0.000000000000000000e+00
0.000000000000000000e+00
0.000000000000000000e+00
-4.787491742782045812e+00
-6.958448393297655521e+00
-5.429345628954441061e+00
-5.598421958998375025e+00
-7.772331575169613593e+00
-4.499809670330265021e+00
0.000000000000000000e+00
0.000000000000000000e+00
0.000000000000000000e+00
0.000000000000000000e+00
0.000000000000000000e+00
-8.733594061863055202e+00
-5.129898714923073477e+00
0.000000000000000000e+00
0.000000000000000000e+00
0.000000000000000000e+00
0.000000000000000000e+00
0.000000000000000000e+00
-5.298317366548036311e+00
-6.942156705699469299e+00
-5.129898714923073477e+00
-6.267200548541362437e+00
-6.084499413075171503e+00
-5.880532986400700324e+00
-7.056175284100410394e+00
-5.505331535932362463e+00
0.000000000000000000e+00
0.000000000000000000e+00
0.000000000000000000e+00
-4.007333185232471173e+00
-7.794411205726601288e+00
-5.252273428046629888e+00
-5.820082930352361572e+00
-6.169610732491456417e+00
-5.710427017374869685e+00
0.000000000000000000e+00
0.000000000000000000e+00
0.000000000000000000e+00
0.000000000000000000e+00
0.000000000000000000e+00
-4.174387269895636798e+00
-5.093750200806762329e+00
-8.625150332921329266e+00
-3.258096538021482136e+00
0.000000000000000000e+00
0.000000000000000000e+00
0.000000000000000000e+00
0.000000000000000000e+00
0.000000000000000000e+00
-4.934473933130691492e+00
-6.807934943699925689e+00
-5.686975356339820209e+00
-6.016157159698353851e+00
-6.665683717782408202e+00
-5.484796933490654780e+00
-7.249215057114389182e+00
-5.323009979138408454e+00
0.000000000000000000e+00
0.000000000000000000e+00
0.000000000000000000e+00
-5.241747015059642578e+00
-6.061456918928016968e+00
-5.783825182329737302e+00
-5.365976015021851175e+00
-6.937314081223681761e+00
-5.424950017481402931e+00
0.000000000000000000e+00
0.000000000000000000e+00
0.000000000000000000e+00
0.000000000000000000e+00
0.000000000000000000e+00
-7.915713199382115484e+00
-4.356708826689591696e+00
-8.915835074176277075e+00
-4.143134726391532574e+00
0.000000000000000000e+00
0.000000000000000000e+00
0.000000000000000000e+00
0.000000000000000000e+00
0.000000000000000000e+00
-5.068904202220231525e+00
-6.548219102762372401e+00
-6.821107472256464632e+00
-5.602118820879701033e+00
-6.854354502255021409e+00
-5.505331535932362463e+00
-7.219642040130735516e+00
-5.402677381872279305e+00
0.000000000000000000e+00
-4.919980925828125073e+00
-6.726233402358746893e+00
-5.894402834264850455e+00
-5.337538079701317884e+00
-6.655440350367647362e+00
-5.370638028127662444e+00
-7.213768308118641670e+00
-5.272999558563746803e+00
0.000000000000000000e+00
0.000000000000000000e+00
0.000000000000000000e+00
-4.795790545596741339e+00
-5.541263545158425785e+00
-7.591357046698551159e+00
-3.871201010907891149e+00
0.000000000000000000e+00
0.000000000000000000e+00
0.000000000000000000e+00
0.000000000000000000e+00
0.000000000000000000e+00
0.000000000000000000e+00
0.000000000000000000e+00
-6.354370040797350683e+00
-5.680172609017067664e+00
-6.834108738813838180e+00
-5.648974238161206252e+00
-6.878326468291325213e+00
-5.521460917862246021e+00
-7.273786317844894711e+00
-6.070737728002489675e+00
-6.779921907472251874e+00
-5.517452896464707379e+00
-6.267200548541362437e+00
-6.541029999189903243e+00
-4.962844630259906964e+00
-7.134890851565883985e+00
-5.257495372027781499e+00
-7.580189417944541042e+00
-4.382026634673881205e+00
0.000000000000000000e+00
0.000000000000000000e+00
0.000000000000000000e+00
-8.045908742270778902e+00
-5.560681631015527593e+00
-6.884486652042782318e+00
-4.709530201312333908e+00
0.000000000000000000e+00
-5.288267030694535187e+00
0.000000000000000000e+00
-4.867534450455582196e+00
0.000000000000000000e+00
-5.541263545158425785e+00
-6.793466132580009642e+00
-6.445719819385578475e+00
-5.463831805025610500e+00
-6.897704943128635691e+00
-5.638354669333745406e+00
-6.840546529288687339e+00
-5.799092654460525686e+00
-6.059123195581796573e+00
-6.059123195581796573e+00
-6.320768294250582287e+00
-6.470799503782601825e+00
-5.438079308923195576e+00
-6.825460036255306839e+00
-4.820281565605037066e+00
-7.761319180947986673e+00
-4.465908118654583703e+00
-8.002024818216110447e+00
-3.433987204485146272e+00
0.000000000000000000e+00
-5.934894195619587975e+00
-5.831882477283516941e+00
-7.266827347520591118e+00
-5.533389488727520344e+00
-6.413458957167357255e+00
-7.708410667257367344e+00
-8.071218539969862604e+00
-6.364750756851910829e+00
-7.903596289614300829e+00
-6.591673732008658249e+00
-6.577861357721046964e+00
-6.192362489474872334e+00
-6.635946555686646597e+00
-6.539585955617669200e+00
-5.389071729816500955e+00
-6.689599269178966523e+00
-5.910796644040527070e+00
-5.905361848054570650e+00
-5.998936561946682566e+00
-5.913503005638269805e+00
-6.395261598115449253e+00
-5.796057750765371885e+00
-6.593044534142436852e+00
-5.159055299214529100e+00
-7.529943370601588803e+00
-4.430816798843313364e+00
0.000000000000000000e+00
-2.302585092994045901e+00
-8.332548939252637510e+00
-5.111987788356543660e+00
-8.333751006953580287e+00
-7.849713757604869890e+00
-6.129050210060545290e+00
-6.470799503782601825e+00
0.000000000000000000e+00
-5.111987788356543660e+00
0.000000000000000000e+00
-6.504288173536645346e+00
-7.087573705557972836e+00
-6.238324625039507687e+00
-6.487684018484610071e+00
-6.484635235635251682e+00
-6.282266746896006282e+00
-6.625392368007956279e+00
-6.224558429275360183e+00
-5.680172609017067664e+00
-5.981414211254480584e+00
-6.352629396319566801e+00
-5.948034989180645660e+00
-6.590301048196685940e+00
-5.808142489980443912e+00
-6.888572459565363459e+00
-5.416100402204420128e+00
-6.734591659972948285e+00
-4.875197323201151178e+00
0.000000000000000000e+00
0.000000000000000000e+00
0.000000000000000000e+00
-3.332204510175203804e+00
0.000000000000000000e+00
-4.564348191467836102e+00
-5.659482215759621404e+00
-7.643961949002529010e+00
0.000000000000000000e+00
0.000000000000000000e+00
0.000000000000000000e+00
0.000000000000000000e+00
0.000000000000000000e+00
-5.231108616854586835e+00
-6.714170529909472052e+00
-6.093569770045135670e+00
-5.937536205082426299e+00
-6.522092798170151973e+00
-5.880532986400700324e+00
-6.716594773520977668e+00
-5.638354669333745406e+00
-6.590301048196685940e+00
-5.749392985908253095e+00
-6.728628613084701726e+00
-5.811140992976700836e+00
-7.065613363597717189e+00
-5.723585101952380683e+00
-6.369900982828227143e+00
-5.560681631015527593e+00
-8.116118431609365302e+00
-4.158883083359671495e+00
0.000000000000000000e+00
0.000000000000000000e+00
0.000000000000000000e+00
0.000000000000000000e+00
0.000000000000000000e+00
-8.744328763999984488e+00
-7.766416898019655513e+00
-5.351858133476066648e+00
0.000000000000000000e+00
0.000000000000000000e+00
0.000000000000000000e+00
0.000000000000000000e+00
0.000000000000000000e+00
-5.616771097666571677e+00
-6.656726524178391280e+00
-6.410174881966167248e+00
-6.011267174404161473e+00
-6.857514062545390310e+00
-5.370638028127662444e+00
-8.165079258805068463e+00
-5.402677381872279305e+00
-7.069023426578259439e+00
-5.638354669333745406e+00
-7.063903961472068005e+00
-5.834810737062604780e+00
-6.706862336602746666e+00
-5.683579767338681421e+00
-7.120444372392487509e+00
-5.420534999272286214e+00
0.000000000000000000e+00
0.000000000000000000e+00
0.000000000000000000e+00
0.000000000000000000e+00
0.000000000000000000e+00
-4.369447852467021498e+00
-5.976350909297933889e+00
-6.824373670043086371e+00
-8.024862150286411477e+00
-4.615120516841259679e+00
0.000000000000000000e+00
0.000000000000000000e+00
0.000000000000000000e+00
0.000000000000000000e+00
0.000000000000000000e+00
-5.857933154483458971e+00
-7.104144092987526804e+00
-7.113956109566034414e+00
-5.043425116919246776e+00
0.000000000000000000e+00
-4.189654742026425183e+00
0.000000000000000000e+00
-5.272999558563746803e+00
-7.284820912568603646e+00
-5.579729825986222025e+00
-6.726233402358746893e+00
-5.568344503761096576e+00
-6.999422467507961265e+00
-5.424950017481402931e+00
-7.086737934510576764e+00
-5.225746673713201673e+00
0.000000000000000000e+00
0.000000000000000000e+00
0.000000000000000000e+00
0.000000000000000000e+00
0.000000000000000000e+00
-7.460490305825337565e+00
-6.436150368369427888e+00
-5.723585101952380683e+00
0.000000000000000000e+00
0.000000000000000000e+00
0.000000000000000000e+00
0.000000000000000000e+00
0.000000000000000000e+00
0.000000000000000000e+00
0.000000000000000000e+00
-6.951772164398911436e+00
-5.857933154483458971e+00
0.000000000000000000e+00
0.000000000000000000e+00
0.000000000000000000e+00
0.000000000000000000e+00
0.000000000000000000e+00
-5.521460917862246021e+00
-7.018401799069200919e+00
-5.327876168789581257e+00
-6.845879875264049730e+00
-5.105945473900580289e+00
-6.749931193788570205e+00
-5.361292165709425461e+00
-6.997595982981926532e+00
-5.420534999272286214e+00
0.000000000000000000e+00
0.000000000000000000e+00
0.000000000000000000e+00
-4.158883083359671495e+00
-6.257667587882639104e+00
-6.206575926724927861e+00
-6.309918278226516186e+00
-4.934473933130691492e+00
0.000000000000000000e+00
-3.610917912644224348e+00
0.000000000000000000e+00
-4.276666119016055312e+00
0.000000000000000000e+00
-5.605802066295997754e+00
-6.916715020353608523e+00
-8.015657614557339272e+00
-4.882801922586370580e+00
0.000000000000000000e+00
0.000000000000000000e+00
0.000000000000000000e+00
0.000000000000000000e+00
0.000000000000000000e+00
-5.105945473900580289e+00
-7.044905117129371064e+00
-5.231108616854586835e+00
-6.853299093186078217e+00
-5.267858159063328216e+00
-6.753437918597779976e+00
-5.669880922980519600e+00
-7.181591944611865230e+00
-5.087596335232383638e+00
0.000000000000000000e+00
0.000000000000000000e+00
0.000000000000000000e+00
-6.473890696352274432e+00
-5.993961427306569334e+00
-5.942799375126701200e+00
-6.526494859570790119e+00
-5.135798437050262066e+00
-7.998335395952982374e+00
-4.762173934797756303e+00
-8.039157390473237186e+00
-5.891644211825771471e+00
-6.257667587882639104e+00
-6.354370040797350683e+00
-6.361302477572995606e+00
-8.330381569349418314e+00
-4.574710978503382819e+00
0.000000000000000000e+00
0.000000000000000000e+00
0.000000000000000000e+00
0.000000000000000000e+00
0.000000000000000000e+00
-4.934473933130691492e+00
-7.106606137727302652e+00
-5.648974238161206252e+00
-6.731018100482082822e+00
-5.707110264748875395e+00
-7.048386408721882823e+00
-5.552959584921617342e+00
-7.093404625868766189e+00
-4.779123493111529619e+00
0.000000000000000000e+00
-5.303304908059075728e+00
-5.480638923341991209e+00
-5.998936561946682566e+00
-6.208590026096628911e+00
-6.030685260261263281e+00
-6.579251212010101213e+00
-5.517452896464707379e+00
-7.334329350300536454e+00
-5.624017506187338533e+00
-6.175867270105761087e+00
-6.255750041753366908e+00
-5.455321115357701700e+00
-6.871091294610545575e+00
-5.971261839790462211e+00
0.000000000000000000e+00
0.000000000000000000e+00
0.000000000000000000e+00
0.000000000000000000e+00
0.000000000000000000e+00
0.000000000000000000e+00
0.000000000000000000e+00
-5.323009979138408454e+00
-6.922643891475887656e+00
-5.717027701406221851e+00
-7.045776576879511310e+00
-5.774551545544408526e+00
-6.814542897259958210e+00
-5.323009979138408454e+00
-7.151485463904735163e+00
-5.690359454324060096e+00
-6.803505257608337686e+00
-6.253828811575472990e+00
-5.758901773877280306e+00
-6.265301212737710124e+00
-6.124683390894205104e+00
-5.894402834264850455e+00
-6.458338283344789765e+00
-5.631211781821365392e+00
-6.025865973825314192e+00
-6.135564891081738637e+00
-5.446737371666309890e+00
-6.897704943128635691e+00
-5.700443573390686858e+00
-7.966239776559467245e+00
-4.779123493111529619e+00
0.000000000000000000e+00
-1.098612288668109782e+00
0.000000000000000000e+00
-1.945910149055313232e+00
0.000000000000000000e+00
-4.262679877041315457e+00
-7.869783902530145703e+00
-5.093750200806762329e+00
-6.697034247666484141e+00
-5.549076084895220085e+00
-6.668228248417403137e+00
-5.379897353540459726e+00
-6.781057625936179889e+00
-5.370638028127662444e+00
-6.244166900663736364e+00
-5.758901773877280306e+00
-5.293304824724492263e+00
-6.499787040655854220e+00
-5.641907070938113833e+00
-6.249975242259482755e+00
-5.717027701406221851e+00
-5.924255797414532232e+00
-6.066108090103747408e+00
-6.398594934535207557e+00
-5.605802066295997754e+00
-6.398594934535207557e+00
-5.505331535932362463e+00
-7.698029170272804755e+00
-5.463831805025610500e+00
0.000000000000000000e+00
-2.079441541679835748e+00
0.000000000000000000e+00
-3.135494215929149675e+00
-9.016270068147679950e+00
-3.465735902799726542e+00
-7.920809679288599803e+00
-4.043051267834550266e+00
-7.146772179452637097e+00
-4.820281565605037066e+00
-6.507277712385011625e+00
-5.720311776607411858e+00
-6.693323668269949067e+00
-5.393627546352361968e+00
-6.366470447731438220e+00
-5.327876168789581257e+00
-6.152732694704104333e+00
-6.327936783729194659e+00
-5.220355825078324408e+00
-6.708084083853069757e+00
-5.451038453565700159e+00
-6.139884552226255288e+00
-5.627621113690636889e+00
-6.818924065275520974e+00
-5.874930730852030436e+00
-6.670766320845873842e+00
-5.192956850890210418e+00
-7.037905963447181890e+00
-5.337538079701317884e+00
0.000000000000000000e+00
0.000000000000000000e+00
0.000000000000000000e+00
0.000000000000000000e+00
0.000000000000000000e+00
-3.970291913552121965e+00
-8.249052274171292609e+00
-4.219507705176106960e+00
-7.574558484202480457e+00
-4.382026634673881205e+00
-7.357556200910353006e+00
-5.356586274672012316e+00
-6.717804695023691153e+00
-5.488937726156686736e+00
-6.584791392385715980e+00
-5.181783550292085039e+00
-6.591673732008658249e+00
-5.030437921392435285e+00
-4.997212273764114698e+00
-6.711740395056179587e+00
-5.231108616854586835e+00
-6.906754778648553916e+00
-5.981414211254480584e+00
-6.987490247000990529e+00
-5.808142489980443912e+00
-6.898714534329988268e+00
-5.743003187809482490e+00
-6.820016364674129861e+00
-5.036952602413629521e+00
-7.610357618312837857e+00
-3.891820298110626464e+00
0.000000000000000000e+00
0.000000000000000000e+00
0.000000000000000000e+00
0.000000000000000000e+00
0.000000000000000000e+00
-4.836281906951477971e+00
-8.181440695719373934e+00
-4.356708826689591696e+00
-7.724888439323073897e+00
-4.859812404361671945e+00
-8.447628728030327494e+00
-4.997212273764114698e+00
-6.947937068614969292e+00
-5.176149732573828821e+00
-6.498282149476433567e+00
-5.204006687076795146e+00
-6.886531642530510311e+00
-7.008505182082280349e+00
-4.941642422609303864e+00
-7.147559271189454222e+00
-5.598421958998375025e+00
-8.308691916838897740e+00
-5.598421958998375025e+00
-7.244941546337006599e+00
-5.768320995793771999e+00
-6.892641641172088995e+00
-5.214935757608985867e+00
-6.829793737512424912e+00
-5.164785973923514462e+00
-8.254788926148725281e+00
-3.433987204485146272e+00
0.000000000000000000e+00
0.000000000000000000e+00
0.000000000000000000e+00
0.000000000000000000e+00
0.000000000000000000e+00
-4.543294782270003829e+00
-8.152486075780240427e+00
-4.077537443905719705e+00
0.000000000000000000e+00
-3.891820298110626464e+00
0.000000000000000000e+00
-4.521788577049040470e+00
-6.958448393297655521e+00
-4.897839799950911122e+00
-6.499787040655854220e+00
-5.236441962829949226e+00
-5.105945473900580289e+00
-7.379008127628304159e+00
-5.117993812416755439e+00
0.000000000000000000e+00
-4.304065093204170189e+00
0.000000000000000000e+00
-5.327876168789581257e+00
-7.138866999945523872e+00
-5.616771097666571677e+00
-6.856461984594586667e+00
-4.718498871295094155e+00
-7.012115294306379809e+00
-4.882801922586370580e+00
0.000000000000000000e+00
0.000000000000000000e+00
0.000000000000000000e+00
0.000000000000000000e+00
0.000000000000000000e+00
0.000000000000000000e+00
0.000000000000000000e+00
-5.356586274672012316e+00
0.000000000000000000e+00
0.000000000000000000e+00
0.000000000000000000e+00
0.000000000000000000e+00
0.000000000000000000e+00
-4.744932128363250179e+00
-6.964135612418244747e+00
-4.859812404361671945e+00
-6.635946555686646597e+00
-6.862757913051400926e+00
-5.545177444479562290e+00
0.000000000000000000e+00
0.000000000000000000e+00
0.000000000000000000e+00
0.000000000000000000e+00
0.000000000000000000e+00
-5.225746673713201673e+00
-7.015712420487229650e+00
-5.620400865717149586e+00
-7.067319848653475844e+00
-5.010635294096255521e+00
-7.121252453244541591e+00
-4.962844630259906964e+00
0.000000000000000000e+00
-4.499809670330265021e+00
0.000000000000000000e+00
-4.262679877041315457e+00
0.000000000000000000e+00
-4.867534450455582196e+00
-8.026823576217628542e+00
-3.970291913552121965e+00
0.000000000000000000e+00
0.000000000000000000e+00
0.000000000000000000e+00
0.000000000000000000e+00
0.000000000000000000e+00
-4.844187086458591196e+00
-6.877296071497428720e+00
-4.727387818712340817e+00
-5.384495062789088848e+00
-7.705262474866325206e+00
-4.653960350157523074e+00
0.000000000000000000e+00
0.000000000000000000e+00
0.000000000000000000e+00
0.000000000000000000e+00
0.000000000000000000e+00
-5.093750200806762329e+00
-7.020190708311925043e+00
-5.424950017481402931e+00
-7.114769448366462967e+00
-5.231108616854586835e+00
-6.794586580876498694e+00
-5.940171252720431561e+00
-7.870165946469844798e+00
-5.337538079701317884e+00
-7.964155718840936871e+00
-5.840641657373398132e+00
-7.192934221215799617e+00
-4.262679877041315457e+00
-8.078067881815437445e+00
-3.806662489770319624e+00
0.000000000000000000e+00
0.000000000000000000e+00
0.000000000000000000e+00
0.000000000000000000e+00
0.000000000000000000e+00
-4.753590191106364493e+00
-6.796823718274855430e+00
-6.683360945766274597e+00
-5.247024072160486163e+00
-8.183955717304954192e+00
-4.143134726391532574e+00
0.000000000000000000e+00
0.000000000000000000e+00
0.000000000000000000e+00
0.000000000000000000e+00
0.000000000000000000e+00
-5.159055299214529100e+00
-6.915723448631314163e+00
-5.755742213586912293e+00
-6.373319789577012173e+00
-5.921578419643815927e+00
-6.253828811575472990e+00
-5.541263545158425785e+00
-6.587550014824795852e+00
-5.805134968916488170e+00
-6.788971742992170100e+00
-4.770684624465665102e+00
-7.113142108707087630e+00
-5.123963979403258762e+00
0.000000000000000000e+00
0.000000000000000000e+00
0.000000000000000000e+00
0.000000000000000000e+00
0.000000000000000000e+00
0.000000000000000000e+00
0.000000000000000000e+00
-5.429345628954441061e+00
-4.897839799950911122e+00
-6.841615476477591606e+00
-5.220355825078324408e+00
0.000000000000000000e+00
0.000000000000000000e+00
0.000000000000000000e+00
0.000000000000000000e+00
0.000000000000000000e+00
0.000000000000000000e+00
0.000000000000000000e+00
-6.267200548541362437e+00
-6.269096283706261374e+00
-6.388561405545630123e+00
-6.514712690872530132e+00
-5.855071922202427004e+00
-5.749392985908253095e+00
-5.872117789475415961e+00
-5.805134968916488170e+00
-5.164785973923514462e+00
-6.516193076042964272e+00
-5.062595033026966895e+00
-7.540090320145324654e+00
-5.313205979041787153e+00
0.000000000000000000e+00
-4.127134385045091669e+00
0.000000000000000000e+00
-4.276666119016055312e+00
0.000000000000000000e+00
-4.976733742420574202e+00
-7.805067044258489517e+00
-7.401841578743829864e+00
-4.905274778438429628e+00
-7.121252453244541591e+00
-4.836281906951477971e+00
0.000000000000000000e+00
-4.454347296253507338e+00
0.000000000000000000e+00
-4.406719247264253347e+00
0.000000000000000000e+00
-5.318119993844216076e+00
-7.352441100243582994e+00
-6.629363253437448478e+00
-6.148468295917647097e+00
-6.761572768804055222e+00
-5.926926025970410628e+00
-7.138866999945523872e+00
-5.332718793265368795e+00
-5.869296913133774218e+00
-6.003887067106538744e+00
-5.659482215759621404e+00
-6.699500340161677947e+00
-5.398162701517752460e+00
-7.566828479208330904e+00
-4.941642422609303864e+00
-8.268475388982597707e+00
-4.644390899141372486e+00
-8.075893630298857317e+00
-5.153291594497779293e+00
-7.600902459542082212e+00
-4.762173934797756303e+00
